SD6060-104-88_180
 0.9997500     0.0015900
 0.9947295     0.0019420
 0.9851633     0.0027847
 0.9740043     0.0039682
 0.9620470     0.0053847
 0.9498133     0.0069454
 0.9374996     0.0086131
 0.9250980     0.0103700
 0.9126126     0.0121944
 0.9000795     0.0140671
 0.8875235     0.0159752
 0.8749478     0.0179096
 0.8623495     0.0198644
 0.8497329     0.0218330
 0.8371089     0.0238077
 0.8244884     0.0257813
 0.8118774     0.0277473
 0.7992773     0.0297005
 0.7866872     0.0316376
 0.7741057     0.0335557
 0.7615310     0.0354521
 0.7489616     0.0373244
 0.7363968     0.0391704
 0.7238371     0.0409878
 0.7112838     0.0427741
 0.6987376     0.0445263
 0.6861976     0.0462419
 0.6736612     0.0479184
 0.6611247     0.0495546
 0.6485852     0.0511504
 0.6360412     0.0527055
 0.6234924     0.0542198
 0.6109397     0.0556918
 0.5983857     0.0571200
 0.5858346     0.0585024
 0.5732921     0.0598367
 0.5607638     0.0611184
 0.5482527     0.0623418
 0.5357580     0.0635015
 0.5232758     0.0645928
 0.5108008     0.0656129
 0.4983286     0.0665604
 0.4858564     0.0674333
 0.4733828     0.0682299
 0.4609073     0.0689490
 0.4484300     0.0695903
 0.4359510     0.0701532
 0.4234703     0.0706371
 0.4109884     0.0710415
 0.3985059     0.0713660
 0.3860238     0.0716101
 0.3735431     0.0717732
 0.3610652     0.0718546
 0.3485910     0.0718533
 0.3361211     0.0717685
 0.3236558     0.0715990
 0.3111963     0.0713437
 0.2987450     0.0710011
 0.2863057     0.0705699
 0.2738830     0.0700477
 0.2614811     0.0694306
 0.2491029     0.0687148
 0.2367506     0.0678965
 0.2244266     0.0669706
 0.2121343     0.0659324
 0.1998783     0.0647770
 0.1876642     0.0634982
 0.1754986     0.0620890
 0.1633883     0.0605428
 0.1513423     0.0588507
 0.1393735     0.0570028
 0.1274987     0.0549901
 0.1157379     0.0527998
 0.1041103     0.0504171
 0.0926353     0.0478262
 0.0813553     0.0450080
 0.0703435     0.0419541
 0.0596778     0.0386536
 0.0493868     0.0350800
 0.0395562     0.0312236
 0.0305972     0.0272288
 0.0229472     0.0233021
 0.0166788     0.0195399
 0.0116976     0.0160827
 0.0079657     0.0131706
 0.0052295     0.0107819
 0.0032690     0.0087013
 0.0018807     0.0068084
 0.0008985     0.0050482
 0.0002474     0.0034266
-0.0000888     0.0019580
-0.0001134     0.0006240
 0.0002056    -0.0005984
 0.0008955    -0.0017542
 0.0019848    -0.0029087
 0.0035758    -0.0041420
 0.0058537    -0.0055860
 0.0091431    -0.0073727
 0.0135928    -0.0093452
 0.0186663    -0.0111893
 0.0247557    -0.0130467
 0.0329813    -0.0151390
 0.0436762    -0.0173790
 0.0547512    -0.0192885
 0.0658410    -0.0209098
 0.0774405    -0.0223616
 0.0895086    -0.0236649
 0.1017308    -0.0248088
 0.1139670    -0.0258119
 0.1262507    -0.0266994
 0.1386172    -0.0274868
 0.1510601    -0.0281859
 0.1635514    -0.0288043
 0.1760719    -0.0293489
 0.1886150    -0.0298276
 0.2011823    -0.0302466
 0.2137734    -0.0306110
 0.2263848    -0.0309258
 0.2390103    -0.0311947
 0.2516451    -0.0314196
 0.2642866    -0.0316025
 0.2769349    -0.0317454
 0.2895911    -0.0318501
 0.3022551    -0.0319186
 0.3149262    -0.0319526
 0.3276022    -0.0319537
 0.3402813    -0.0319226
 0.3529625    -0.0318599
 0.3656453    -0.0317665
 0.3783305    -0.0316428
 0.3910180    -0.0314894
 0.4037077    -0.0313069
 0.4163981    -0.0310959
 0.4290875    -0.0308567
 0.4417745    -0.0305889
 0.4544589    -0.0302924
 0.4671415    -0.0299665
 0.4798245    -0.0296112
 0.4925094    -0.0292269
 0.5051966    -0.0288142
 0.5178850    -0.0283738
 0.5305720    -0.0279062
 0.5432552    -0.0274109
 0.5559334    -0.0268872
 0.5686071    -0.0263343
 0.5812780    -0.0257514
 0.5939487    -0.0251386
 0.6066205    -0.0244966
 0.6192939    -0.0238258
 0.6319683    -0.0231268
 0.6446425    -0.0224001
 0.6573160    -0.0216460
 0.6699890    -0.0208647
 0.6826625    -0.0200567
 0.6953381    -0.0192231
 0.7080178    -0.0183652
 0.7207041    -0.0174845
 0.7333993    -0.0165825
 0.7461055    -0.0156619
 0.7588225    -0.0147256
 0.7715476    -0.0137765
 0.7842771    -0.0128174
 0.7970085    -0.0118492
 0.8097426    -0.0108730
 0.8224830    -0.0098892
 0.8352324    -0.0088993
 0.8479868    -0.0079051
 0.8607351    -0.0069094
 0.8734648    -0.0059184
 0.8861717    -0.0049395
 0.8988599    -0.0039791
 0.9115320    -0.0030426
 0.9241753    -0.0021362
 0.9367624    -0.0012715
 0.9492623    -0.0004674
 0.9616297     0.0002541
 0.9737011     0.0008605
 0.9850341     0.0013077
 0.9947108     0.0015488
 0.9997500     0.0015900
