C-Run_nr	    Time	   Alpha	Delta_Pb	   P_bar	       T	     rpm	     rho	    P001	    P002	    P003	    P004	    P005	    P006	    P007	    P008	    P009	    P010	    P011	    P012	    P013	    P014	    P015	    P016	    P017	    P018	    P019	    P020	    P021	    P022	    P023	    P024	    P025	    P026	    P027	    P028	    P029	    P030	    P031	    P032	    P033	    P034	    P035	    P036	    P037	    P038	    P039	    P040	    P041	    P042	    P043	    P044	    P045	    P046	    P047	    P048	    P049	    P050	    P051	    P052	    P053	    P054	    P055	    P056	    P057	    P058	    P059	    P060	    P061	    P062	    P063	    P064	    P065	    P066	    P067	    P068	    P069	    P070	    P071	    P072	    P073	    P074	    P075	    P076	    P077	    P078	    P079	    P080	    P081	    P082	    P083	    P084	    P085	    P086	    P087	    P088	    P089	    P090	    P091	    P092	    P093	    P094	    P095	    P096	    P097	    P098	    P099	    P100	    P101	    P102	    P103	    P104	    P105	    P106	    P107	    P108	    P109	    P110	    P111	    P112	    P113
       /	   H:M:S	 degrees	      Pa	     hPa	 degr._C	   1/min	  kg/m^3	      Pa	      Pa	      Pa	      Pa	      Pa	      Pa	      Pa	      Pa	      Pa	      Pa	      Pa	      Pa	      Pa	      Pa	      Pa	      Pa	      Pa	      Pa	      Pa	      Pa	      Pa	      Pa	      Pa	      Pa	      Pa	      Pa	      Pa	      Pa	      Pa	      Pa	      Pa	      Pa	      Pa	      Pa	      Pa	      Pa	      Pa	      Pa	      Pa	      Pa	      Pa	      Pa	      Pa	      Pa	      Pa	      Pa	      Pa	      Pa	      Pa	      Pa	      Pa	      Pa	      Pa	      Pa	      Pa	      Pa	      Pa	      Pa	      Pa	      Pa	      Pa	      Pa	      Pa	      Pa	      Pa	      Pa	      Pa	      Pa	      Pa	      Pa	      Pa	      Pa	      Pa	      Pa	      Pa	      Pa	      Pa	      Pa	      Pa	      Pa	      Pa	      Pa	      Pa	      Pa	      Pa	      Pa	      Pa	      Pa	      Pa	      Pa	      Pa	      Pa	      Pa	      Pa	      Pa	      Pa	      Pa	      Pa	      Pa	      Pa	      Pa	      Pa	      Pa	      Pa	      Pa	      Pa	      Pa	      Pa	      Pa	      Pa	      Pa	      Pa	      Pa
       6	 15:36:17	  -5.000	  129.70	 1014.01	   22.61	  869.81	   1.194	  -76.14	  209.43	  248.19	  160.01	   73.32	   36.35	    5.89	  -10.59	  -24.12	  -30.76	  -27.73	  -40.67	  -44.65	  -44.89	  -38.92	  -33.68	  -28.20	  -23.06	  -17.12	   -8.81	   -5.04	   -2.70	    1.26	    1.64	   22.37	  -74.66	 -508.61	 -476.09	 -345.06	 -183.65	 -156.39	 -133.87	 -116.27	 -103.46	  -92.47	  -82.99	  -74.77	  -67.99	  -60.16	  -53.21	  -46.54	  -39.48	  -31.79	  -23.90	  -15.48	   -6.05	    3.17	   12.25	   22.37	  273.86	  273.92	  274.56	  273.36	  273.25	  273.09	  273.58	  273.85	  273.24	  273.22	  273.88	  272.87	  273.65	  273.20	  274.00	  273.65	  272.53	  272.25	  274.54	  275.14	  272.14	  264.00	  247.65	  224.12	  212.02	  221.35	  242.25	  261.01	  270.43	  273.38	  272.61	  274.57	  275.10	  271.85	  274.60	  275.09	  275.15	  274.42	  274.12	  274.66	  273.39	  274.77	  273.60	  272.74	  273.41	  274.78	  274.62	  275.26	   14.47	   12.62	   13.67	   13.47	   14.08	   12.94	   14.75	   15.46	   15.20	   15.13	   15.28	   11.76	    2.29	    0.07	    0.05	   -0.30
       7	 15:36:34	  -4.500	  131.84	 1014.03	   22.62	  870.31	   1.194	  -57.71	  211.69	  241.78	  147.71	   59.31	   24.12	   -3.78	  -22.53	  -33.44	  -40.69	  -36.22	  -47.68	  -50.82	  -51.48	  -45.33	  -39.54	  -34.46	  -27.31	  -21.26	  -13.26	   -9.83	   -7.48	   -3.97	   -3.49	   24.95	  -56.64	 -501.34	 -401.85	 -303.58	 -174.73	 -146.44	 -124.46	 -108.40	  -96.67	  -86.58	  -77.96	  -70.36	  -64.12	  -56.88	  -50.26	  -43.86	  -37.16	  -29.63	  -21.90	  -13.58	   -4.07	    5.33	   14.51	   24.95	  275.70	  275.65	  276.10	  275.13	  275.32	  274.97	  275.17	  275.59	  275.04	  275.44	  275.64	  274.53	  275.06	  274.86	  275.64	  275.40	  274.30	  273.96	  276.23	  277.03	  273.45	  263.65	  246.93	  225.83	  221.88	  238.79	  257.92	  269.93	  274.47	  275.45	  274.33	  276.29	  278.11	  273.96	  277.84	  278.23	  278.28	  277.49	  277.38	  277.99	  276.68	  278.19	  276.77	  276.18	  276.65	  277.95	  277.71	  278.57	   14.14	   12.58	   13.56	   13.23	   13.71	   12.43	   13.80	   14.72	   14.95	   14.69	   14.74	   11.76	    1.30	    0.07	    0.07	    0.05
       8	 15:36:53	  -4.000	  129.90	 1013.98	   22.65	  869.67	   1.194	    3.09	  212.59	  226.82	  132.27	   46.24	   13.09	  -10.46	  -31.35	  -40.08	  -47.42	  -41.01	  -52.49	  -54.62	  -55.52	  -48.50	  -42.14	  -37.08	  -28.95	  -23.29	  -15.59	  -13.18	  -10.70	   -7.75	   -7.57	   26.15	    4.22	 -485.62	 -327.71	 -234.21	 -177.34	 -144.38	 -115.59	  -97.44	  -84.56	  -75.34	  -68.76	  -62.82	  -57.10	  -51.06	  -45.23	  -39.55	  -33.30	  -26.27	  -18.88	  -10.91	   -1.72	    7.56	   16.69	   26.15	  272.54	  272.41	  273.09	  272.00	  271.88	  271.59	  271.96	  272.45	  271.84	  272.47	  272.32	  271.43	  271.90	  271.74	  272.43	  271.99	  271.91	  270.84	  273.17	  273.46	  267.77	  253.66	  236.24	  222.72	  229.81	  250.28	  263.41	  270.39	  271.93	  272.25	  271.20	  273.24	  273.32	  270.46	  272.75	  273.29	  273.33	  272.44	  272.28	  272.73	  271.58	  272.93	  271.87	  271.72	  271.69	  272.74	  272.91	  273.64	   14.28	   13.38	   14.33	   13.97	   14.43	   14.05	   14.70	   15.56	   15.22	   15.02	   15.10	   12.62	    2.30	    0.09	    0.04	   -0.11
       9	 15:37:15	  -3.500	  130.76	 1013.98	   22.68	  870.08	   1.194	   41.98	  212.03	  215.08	  118.10	   31.13	    1.33	  -20.01	  -40.46	  -47.53	  -54.36	  -47.53	  -58.78	  -60.50	  -60.15	  -51.88	  -45.00	  -40.35	  -31.94	  -26.06	  -18.70	  -16.68	  -14.89	  -12.04	  -11.32	   25.26	   41.88	 -407.44	 -288.80	 -208.24	 -156.32	 -127.75	 -109.11	  -96.07	  -85.98	  -77.25	  -69.52	  -60.16	  -52.39	  -45.66	  -40.44	  -35.70	  -30.24	  -24.09	  -17.11	   -9.50	   -0.70	    8.33	   17.45	   25.26	  272.77	  272.62	  273.33	  272.31	  272.08	  272.52	  272.16	  272.68	  272.14	  272.74	  272.69	  271.67	  272.13	  272.06	  272.81	  272.34	  272.36	  271.21	  273.36	  272.91	  264.59	  246.87	  231.69	  227.76	  241.34	  259.28	  267.86	  271.73	  272.48	  272.50	  271.44	  273.44	  275.02	  270.97	  274.48	  274.94	  275.07	  274.20	  274.01	  274.53	  273.30	  274.66	  273.46	  273.50	  273.28	  274.61	  275.20	  275.30	   13.08	   12.35	   13.23	   12.79	   13.15	   13.16	   13.08	   14.02	   14.09	   13.70	   13.76	   11.62	    0.53	    0.08	    0.09	    0.05
      10	 15:37:43	  -3.000	  130.16	 1014.01	   22.71	  870.42	   1.194	   89.80	  208.22	  202.62	  103.60	   21.73	   -8.18	  -29.04	  -47.70	  -52.52	  -59.97	  -53.94	  -62.89	  -64.06	  -62.69	  -54.47	  -47.11	  -41.67	  -32.74	  -26.57	  -21.14	  -19.72	  -17.93	  -16.26	    0.28	   25.31	   89.74	 -331.11	 -251.40	 -183.99	 -140.07	 -115.04	  -98.14	  -86.78	  -77.83	  -70.18	  -63.96	  -58.26	  -54.02	  -48.54	  -44.05	  -39.04	  -33.07	  -25.34	  -16.93	   -7.48	    2.28	   11.33	   19.91	   25.31	  272.10	  272.06	  272.65	  271.61	  271.51	  271.76	  271.48	  272.10	  271.37	  272.08	  272.05	  270.88	  271.44	  271.43	  272.08	  271.72	  271.73	  270.40	  272.64	  271.20	  260.37	  242.84	  233.45	  235.91	  248.97	  262.59	  269.38	  271.66	  272.44	  271.95	  270.84	  272.90	  272.77	  269.21	  272.18	  272.88	  272.89	  272.15	  271.82	  272.96	  271.17	  272.22	  271.55	  271.33	  271.30	  272.33	  273.10	  273.08	   13.80	   13.37	   14.24	   13.80	   14.14	   14.83	   14.49	   15.08	   14.82	   14.46	   14.52	   12.69	    1.52	    0.10	    0.11	   -0.04
      11	 15:38:05	  -2.500	  130.07	 1014.03	   22.72	  869.86	   1.194	  133.47	  208.66	  190.86	   88.60	   10.70	  -20.15	  -38.94	  -56.91	  -59.85	  -66.92	  -60.38	  -68.26	  -68.76	  -66.96	  -57.77	  -50.47	  -44.55	  -35.48	  -30.25	  -24.50	  -24.48	  -21.21	  -20.57	   14.25	   25.39	  132.53	 -265.05	 -218.30	 -163.67	 -127.02	 -105.53	  -90.99	  -80.55	  -72.46	  -65.55	  -59.80	  -54.44	  -50.33	  -44.97	  -40.62	  -36.14	  -31.60	  -26.84	  -22.39	  -17.66	  -10.05	    4.10	   19.71	   25.39	  274.33	  274.42	  274.90	  273.92	  273.78	  274.31	  273.84	  274.34	  273.83	  274.42	  274.43	  273.26	  273.99	  273.71	  274.50	  274.16	  273.84	  272.44	  274.16	  270.75	  257.75	  241.57	  237.74	  244.25	  256.47	  267.70	  272.47	  274.14	  274.97	  274.26	  273.04	  275.01	  276.93	  273.27	  276.71	  277.07	  277.16	  276.38	  276.17	  277.49	  275.51	  276.87	  276.09	  275.64	  275.58	  276.84	  277.35	  277.29	   13.55	   13.25	   14.12	   13.64	   13.91	   14.88	   14.44	   14.85	   14.63	   14.19	   14.28	   12.59	    1.33	    0.14	    0.06	   -0.03
      12	 15:38:32	  -2.000	  132.03	 1014.04	   22.75	  870.02	   1.194	  174.23	  203.07	  174.57	   70.69	   -3.69	  -32.81	  -51.54	  -66.01	  -68.78	  -74.41	  -67.30	  -73.54	  -74.68	  -71.30	  -61.69	  -54.02	  -47.84	  -38.77	  -35.07	  -29.34	  -29.92	  -27.10	  -23.08	   29.29	   25.81	  172.47	 -194.72	 -178.87	 -141.78	 -111.97	  -93.85	  -82.47	  -72.96	  -66.02	  -60.00	  -54.82	  -50.13	  -46.51	  -41.41	  -37.39	  -33.04	  -28.61	  -23.90	  -19.56	  -15.39	  -10.35	   -2.30	   14.38	   25.81	  275.03	  274.88	  275.57	  274.31	  274.42	  274.81	  274.56	  274.81	  274.37	  274.99	  274.89	  273.96	  274.22	  274.28	  275.09	  274.71	  274.48	  273.20	  275.57	  276.30	  274.88	  273.90	  274.57	  273.61	  269.38	  255.03	  241.08	  239.17	  248.87	  260.17	  268.16	  274.31	  275.99	  272.77	  275.65	  276.12	  276.04	  275.25	  275.19	  276.38	  274.52	  275.82	  275.39	  274.54	  274.48	  275.76	  276.16	  276.26	   13.10	   12.62	   13.51	   12.99	   13.22	   13.48	   14.33	   13.56	   14.15	   13.74	   13.74	   11.96	    0.77	    0.10	    0.05	    0.06
      13	 15:39:23	  -2.000	  132.16	 1013.96	   22.82	  869.63	   1.193	  175.96	  205.34	  176.65	   70.40	   -3.38	  -33.45	  -51.47	  -66.20	  -69.41	  -75.09	  -67.91	  -73.99	  -74.77	  -71.52	  -61.52	  -54.52	  -48.04	  -38.84	  -35.00	  -29.29	  -29.82	  -26.93	  -23.15	   28.98	   25.81	  172.97	 -195.49	 -180.05	 -142.20	 -112.78	  -94.40	  -82.61	  -73.37	  -66.38	  -60.32	  -55.11	  -50.26	  -46.58	  -41.65	  -37.54	  -33.19	  -28.76	  -24.01	  -19.49	  -15.46	  -10.41	   -2.21	   14.33	   25.81	  276.20	  276.72	  276.89	  275.93	  275.72	  276.22	  275.78	  276.09	  275.60	  276.20	  276.34	  275.21	  275.68	  275.48	  276.36	  275.95	  275.74	  274.43	  276.41	  274.87	  264.71	  248.44	  240.73	  242.70	  253.78	  266.19	  272.85	  275.62	  276.90	  276.10	  274.96	  276.87	  277.26	  273.84	  276.69	  277.31	  277.30	  276.55	  276.46	  277.66	  275.79	  277.07	  276.74	  275.97	  275.69	  276.95	  276.77	  277.63	   12.89	   12.75	   13.65	   13.07	   13.25	   13.97	   13.41	   13.99	   14.04	   13.55	   13.58	   12.15	    0.49	    0.09	    0.08	    0.09
      14	 15:39:44	  -1.500	  130.28	 1014.01	   22.84	  869.85	   1.193	  206.47	  194.70	  156.81	   52.87	  -17.75	  -45.25	  -60.85	  -74.08	  -77.05	  -80.26	  -73.30	  -78.89	  -78.21	  -75.34	  -64.66	  -56.98	  -50.16	  -41.85	  -38.35	  -33.70	  -33.93	  -33.39	   -4.64	   33.90	   26.75	  205.87	 -124.79	 -140.44	 -116.49	  -96.41	  -82.04	  -72.27	  -63.94	  -58.12	  -53.09	  -48.57	  -44.37	  -41.44	  -36.76	  -33.00	  -28.85	  -24.63	  -19.90	  -15.27	  -11.20	   -6.82	   -2.82	    3.21	   26.75	  273.18	  273.93	  273.80	  272.82	  272.68	  273.22	  272.78	  273.37	  272.71	  273.30	  273.46	  272.32	  272.77	  272.61	  273.39	  273.11	  272.67	  271.12	  272.35	  268.90	  256.25	  240.29	  237.94	  244.02	  256.06	  266.28	  271.02	  272.83	  273.82	  273.08	  271.94	  274.06	  275.16	  270.49	  274.78	  275.32	  275.22	  274.52	  274.47	  275.66	  273.74	  275.18	  274.77	  273.99	  273.56	  275.01	  274.78	  275.79	   12.78	   12.94	   13.82	   13.20	   13.26	   14.01	   13.27	   14.01	   14.01	   13.47	   13.50	   12.41	    0.73	    0.09	    0.08	    0.09
      15	 15:40:10	  -1.000	  132.11	 1013.95	   22.86	  870.00	   1.193	  235.86	  186.74	  139.88	   35.07	  -32.75	  -59.94	  -72.72	  -83.87	  -85.79	  -87.42	  -80.17	  -86.28	  -83.78	  -79.92	  -68.82	  -60.49	  -53.93	  -45.60	  -42.84	  -38.85	  -38.47	  -38.64	    8.70	   38.33	   26.70	  235.58	  -64.98	 -106.88	  -94.40	  -82.18	  -70.92	  -63.69	  -56.32	  -51.44	  -47.31	  -43.36	  -39.69	  -37.04	  -33.00	  -29.53	  -25.61	  -21.49	  -16.76	  -11.96	   -7.74	   -3.29	   -0.13	    2.52	   26.70	  277.86	  278.50	  278.39	  277.41	  277.31	  277.90	  277.45	  277.91	  277.28	  277.97	  278.03	  276.84	  277.37	  276.89	  277.98	  277.61	  277.00	  274.93	  274.07	  266.36	  250.17	  242.50	  250.17	  260.57	  269.18	  275.13	  277.12	  277.34	  278.54	  277.64	  276.51	  278.38	  276.23	  273.90	  275.29	  276.30	  276.10	  275.42	  275.40	  276.54	  274.62	  276.05	  275.61	  274.87	  274.82	  275.95	  275.73	  276.35	   12.65	   13.16	   14.08	   13.50	   13.13	   14.53	   12.74	   14.38	   13.97	   13.45	   13.50	   12.75	    0.84	    0.09	   -0.00	   -0.15
      16	 15:40:54	  -0.500	  132.93	 1013.98	   22.90	  869.97	   1.193	  251.47	  168.39	  114.24	   15.40	  -47.36	  -70.82	  -81.10	  -92.01	  -92.48	  -93.35	  -85.21	  -90.01	  -87.42	  -82.77	  -71.73	  -63.05	  -56.58	  -49.54	  -47.59	  -43.80	  -43.70	  -36.95	   19.54	   36.72	   32.03	  249.42	   -8.43	  -71.84	  -72.35	  -66.44	  -59.51	  -53.94	  -48.24	  -44.41	  -41.03	  -37.95	  -34.86	  -32.81	  -29.21	  -26.21	  -22.62	  -18.76	  -14.22	   -9.48	   -5.11	   -0.59	    2.68	    4.89	   32.03	  272.75	  273.47	  273.44	  272.52	  272.35	  272.87	  272.31	  273.01	  272.39	  272.80	  273.01	  272.30	  272.31	  272.11	  272.94	  272.68	  272.22	  270.71	  271.72	  267.31	  255.14	  241.50	  240.31	  245.12	  253.89	  263.64	  269.51	  271.80	  273.43	  272.79	  271.70	  273.52	  275.90	  272.19	  275.14	  276.05	  275.84	  275.17	  275.01	  276.33	  274.48	  275.66	  275.42	  274.69	  274.49	  275.68	  275.48	  276.11	   12.75	   13.37	   14.18	   13.52	   13.16	   14.26	   13.28	   14.14	   14.03	   13.46	   13.45	   12.89	    0.63	    0.09	    0.05	    0.07
      17	 15:41:29	   0.000	  130.81	 1013.94	   22.91	  870.31	   1.193	  267.55	  151.35	   89.74	   -7.73	  -66.06	  -85.56	  -94.54	 -102.90	 -101.35	 -101.18	  -93.06	  -97.79	  -94.63	  -88.19	  -76.31	  -67.06	  -61.25	  -55.68	  -53.08	  -49.80	  -49.88	  -23.67	   23.07	   34.90	   36.32	  264.29	   48.85	  -33.80	  -49.55	  -50.27	  -46.30	  -42.94	  -39.01	  -36.37	  -33.68	  -31.43	  -28.96	  -27.33	  -24.24	  -21.50	  -18.32	  -14.69	  -10.24	   -5.58	   -1.01	    3.76	    7.27	    9.72	   36.32	  275.15	  275.90	  276.00	  274.82	  274.73	  275.07	  274.81	  275.35	  274.49	  275.29	  275.31	  274.49	  274.63	  274.45	  275.41	  274.89	  274.43	  273.38	  275.60	  274.45	  268.73	  258.34	  246.08	  240.07	  246.17	  258.22	  266.69	  272.21	  275.23	  275.05	  274.01	  275.84	  276.73	  272.83	  275.91	  276.75	  276.77	  275.96	  275.85	  277.14	  275.21	  276.51	  276.17	  275.30	  275.29	  276.92	  276.26	  277.04	   12.82	   13.82	   14.60	   13.90	   13.84	   14.00	   12.45	   14.36	   14.21	   13.58	   13.56	   13.39	    0.69	    0.08	    0.04	    0.08
      18	 15:42:04	   0.500	  130.86	 1014.01	   22.96	  870.01	   1.193	  272.12	  125.67	   59.51	  -35.96	  -88.91	 -103.29	 -108.12	 -116.20	 -113.81	 -112.01	 -101.88	 -106.90	 -102.92	  -96.64	  -83.21	  -75.00	  -68.31	  -63.09	  -60.68	  -57.82	  -59.47	  -11.43	   21.47	   28.26	   30.84	  269.37	  106.37	    5.89	  -23.95	  -30.67	  -32.16	  -30.23	  -28.51	  -26.81	  -25.23	  -23.69	  -21.77	  -20.77	  -17.92	  -15.45	  -12.61	   -9.22	   -4.89	   -0.07	    4.53	    9.43	   12.90	   15.15	   30.84	  275.40	  276.11	  276.09	  275.00	  274.84	  275.37	  274.99	  275.44	  274.84	  275.50	  275.64	  274.72	  274.91	  274.73	  275.44	  275.04	  274.64	  273.64	  275.43	  272.37	  260.51	  241.95	  237.86	  245.26	  255.81	  267.14	  272.87	  275.18	  276.03	  275.45	  274.21	  276.13	  275.73	  273.79	  274.70	  275.64	  275.62	  274.85	  274.66	  275.88	  274.06	  276.17	  274.99	  274.31	  274.10	  276.14	  275.14	  275.88	   12.41	   14.04	   14.83	   14.01	   13.84	   14.51	   13.10	   14.30	   13.93	   13.22	   13.22	   13.76	    0.65	    0.09	    0.02	    0.06
      19	 15:42:28	   1.000	  131.48	 1013.99	   22.98	  869.97	   1.193	  272.98	   99.17	   28.25	  -61.86	 -109.01	 -120.29	 -121.61	 -130.13	 -124.18	 -120.07	 -110.48	 -114.51	 -110.18	 -101.84	  -88.68	  -81.70	  -74.37	  -69.76	  -67.63	  -65.10	  -64.08	   -2.88	   18.34	   23.89	   26.91	  270.23	  149.91	   38.22	   -0.75	  -15.17	  -18.87	  -19.47	  -19.48	  -18.92	  -18.19	  -17.20	  -15.84	  -15.29	  -13.04	  -10.92	   -8.41	   -5.27	   -1.14	    3.70	    8.46	   13.56	   17.31	   19.62	   26.91	  276.21	  276.87	  276.87	  275.96	  275.74	  276.08	  275.79	  276.21	  275.59	  276.23	  276.34	  275.57	  275.97	  275.44	  276.43	  275.98	  275.40	  274.55	  276.03	  270.79	  252.76	  235.57	  236.35	  248.84	  261.50	  272.51	  275.35	  276.30	  276.92	  276.28	  274.98	  276.96	  276.93	  274.20	  275.94	  277.05	  276.94	  276.19	  276.08	  277.34	  275.40	  277.53	  276.32	  275.66	  275.58	  277.51	  276.37	  277.24	   11.78	   13.96	   14.76	   13.82	   13.61	   14.43	   14.05	   13.85	   13.41	   12.62	   12.66	   13.75	    0.59	    0.10	    0.01	    0.03
      20	 15:43:00	   1.500	  129.52	 1014.03	   23.02	  870.11	   1.193	  267.85	   68.95	   -3.63	  -83.77	 -125.27	 -132.14	 -130.57	 -138.81	 -130.95	 -125.26	 -115.74	 -117.83	 -113.28	 -104.72	  -91.39	  -84.87	  -78.46	  -73.54	  -72.21	  -70.82	  -44.82	    3.02	   16.95	   22.47	   30.22	  264.75	  184.09	   67.34	   19.44	   -0.77	   -6.45	   -8.38	  -10.90	  -11.42	  -11.47	  -11.18	  -10.48	  -10.42	   -8.75	   -7.11	   -5.12	   -2.47	    1.17	    5.61	   10.19	   15.41	   19.66	   22.66	   30.22	  273.11	  273.97	  274.00	  272.93	  272.60	  273.17	  272.79	  273.48	  272.60	  273.36	  273.46	  272.59	  273.44	  272.66	  273.43	  273.13	  272.94	  271.56	  273.98	  274.73	  273.92	  272.07	  267.50	  251.71	  234.96	  233.52	  246.04	  261.34	  269.75	  272.68	  272.13	  273.98	  272.56	  269.92	  271.55	  272.54	  272.53	  271.53	  271.39	  272.54	  270.84	  272.89	  272.00	  271.15	  271.18	  272.82	  271.89	  272.80	   12.07	   14.37	   15.14	   14.20	   14.00	   14.20	   14.99	   14.20	   13.72	   12.92	   12.93	   14.18	    0.30	    0.09	    0.05	    0.02
      21	 15:43:29	   2.000	  129.66	 1014.02	   23.05	  869.88	   1.193	  258.62	   37.73	  -35.23	 -108.68	 -145.61	 -148.75	 -145.22	 -150.15	 -141.79	 -135.10	 -123.17	 -125.96	 -120.27	 -110.59	  -97.99	  -91.66	  -85.41	  -80.91	  -79.67	  -79.72	  -24.58	    2.83	   13.39	   21.01	   32.08	  256.09	  211.02	   93.25	   36.16	   11.13	    2.56	   -0.92	   -4.65	   -6.09	   -6.89	   -7.30	   -7.15	   -7.49	   -6.34	   -5.19	   -3.66	   -1.49	    1.78	    5.86	   10.19	   15.40	   20.01	   23.64	   32.08	  274.78	  275.58	  275.56	  274.21	  274.03	  274.72	  274.36	  274.91	  274.10	  274.87	  274.92	  274.13	  274.97	  274.06	  274.92	  274.63	  274.23	  273.10	  275.34	  276.32	  275.58	  272.52	  263.13	  243.20	  232.24	  240.39	  255.32	  268.74	  273.97	  274.76	  273.61	  275.59	  275.43	  272.35	  274.34	  275.38	  275.41	  274.61	  274.24	  275.44	  273.72	  275.71	  274.69	  273.92	  273.85	  275.71	  274.63	  275.59	   11.47	   14.16	   14.95	   13.95	   13.70	   13.91	   14.69	   13.95	   13.26	   12.41	   12.45	   14.05	    0.23	    0.11	    0.07	   -0.03
      22	 15:43:51	   2.500	  130.37	 1014.02	   23.06	  869.63	   1.193	  236.82	    3.71	  -67.25	 -132.77	 -162.32	 -164.25	 -156.69	 -159.57	 -149.48	 -142.69	 -128.45	 -130.74	 -124.47	 -114.31	 -101.54	  -95.03	  -89.78	  -86.49	  -85.38	  -71.83	  -14.14	    1.46	   12.09	   20.97	   34.89	  236.44	  234.56	  117.39	   53.68	   25.20	   13.42	    8.68	    3.51	    1.27	   -0.36	   -1.44	   -1.88	   -2.91	   -2.01	   -1.35	   -0.19	    1.51	    4.38	    8.02	   11.99	   17.02	   21.67	   25.66	   34.89	  274.97	  275.80	  275.91	  274.75	  274.50	  275.11	  274.74	  275.19	  274.37	  275.16	  275.19	  274.47	  275.36	  274.37	  275.19	  275.21	  274.55	  273.41	  275.70	  276.68	  275.67	  269.91	  253.67	  235.44	  233.30	  247.67	  262.80	  272.44	  275.23	  275.19	  273.95	  275.74	  277.15	  272.75	  276.18	  277.24	  277.06	  276.38	  276.19	  277.51	  275.56	  277.61	  276.56	  275.77	  275.69	  277.73	  276.44	  277.37	   11.90	   14.94	   15.69	   14.62	   14.32	   14.55	   15.06	   14.37	   13.78	   12.87	   12.88	   14.89	    0.61	    0.10	    0.07	    0.02
      23	 15:44:16	   3.000	  131.63	 1014.00	   23.07	  870.22	   1.193	  203.11	  -31.90	 -101.75	 -158.40	 -181.80	 -177.95	 -168.50	 -168.33	 -157.26	 -149.92	 -135.70	 -135.32	 -128.20	 -118.31	 -106.09	  -99.89	  -95.38	  -92.72	  -92.82	  -45.61	  -12.57	   -1.10	   10.80	   20.25	   35.88	  202.84	  249.68	  139.71	   71.16	   37.66	   23.49	   16.44	   11.04	    7.88	    5.63	    3.95	    2.95	    1.67	    1.93	    2.06	    2.85	    4.09	    6.51	    9.73	   13.29	   18.06	   22.62	   26.65	   35.88	  273.58	  274.54	  274.40	  273.15	  273.01	  273.75	  273.17	  273.85	  273.05	  273.78	  273.78	  273.14	  273.87	  273.09	  273.89	  274.02	  273.22	  271.96	  274.35	  275.19	  273.36	  261.04	  241.54	  230.29	  236.94	  254.10	  266.88	  273.09	  274.15	  274.05	  272.54	  274.39	  276.11	  271.84	  275.21	  276.15	  276.12	  275.48	  275.19	  276.47	  274.49	  276.76	  275.55	  274.97	  274.68	  276.57	  275.46	  276.22	   11.10	   14.48	   15.23	   14.11	   13.73	   14.01	   14.37	   13.62	   13.04	   12.09	   12.08	   14.48	    0.17	    0.09	    0.06	    0.02
      24	 15:44:37	   3.500	  130.83	 1014.08	   23.08	  869.84	   1.193	  158.00	  -74.65	 -138.41	 -185.13	 -201.33	 -193.37	 -180.76	 -179.31	 -166.51	 -157.87	 -142.36	 -142.62	 -134.25	 -123.87	 -112.39	 -107.33	 -102.62	 -100.46	  -93.53	  -31.48	  -15.80	   -4.61	    8.30	   18.87	   36.22	  155.94	  260.28	  159.38	   87.58	   49.59	   33.80	   24.54	   18.01	   13.99	   11.03	    8.71	    7.22	    5.42	    5.26	    5.01	    5.38	    6.25	    8.26	   11.12	   14.40	   18.80	   23.20	   27.43	   36.22	  273.02	  274.08	  273.92	  272.70	  272.58	  273.04	  272.66	  273.23	  272.46	  273.32	  273.18	  272.60	  273.47	  272.63	  273.16	  273.55	  272.87	  271.47	  274.00	  274.55	  269.12	  248.86	  232.35	  231.42	  244.24	  261.86	  270.40	  273.04	  273.63	  273.93	  271.99	  273.89	  275.33	  271.46	  274.38	  275.28	  275.15	  274.52	  274.09	  275.42	  273.62	  275.60	  274.64	  274.04	  273.69	  275.69	  274.49	  275.32	   11.01	   14.74	   15.49	   14.32	   13.93	   14.31	   14.62	   13.81	   13.02	   12.00	   12.03	   14.86	    0.44	    0.08	    0.06	   -0.00
      25	 15:44:54	   4.000	  128.22	 1014.07	   23.09	  870.00	   1.193	  100.49	 -113.20	 -173.64	 -207.79	 -217.96	 -205.01	 -190.11	 -186.89	 -172.82	 -163.20	 -146.56	 -145.99	 -137.23	 -127.31	 -116.20	 -111.13	 -107.25	 -105.82	  -64.03	  -27.44	  -18.17	   -5.74	    7.95	   19.36	   37.06	  100.49	  264.55	  177.95	  103.07	   63.14	   45.33	   33.90	   26.70	   21.98	   18.19	   15.26	   13.32	   10.98	   10.48	    9.77	    9.80	   10.26	   11.86	   14.40	   17.31	   21.43	   25.51	   29.53	   37.06	  271.43	  272.38	  272.43	  271.29	  271.12	  271.61	  271.03	  271.94	  271.07	  271.73	  271.75	  270.99	  271.83	  271.12	  271.90	  272.16	  271.15	  269.79	  272.38	  272.03	  259.96	  234.84	  226.89	  236.50	  252.12	  266.53	  270.60	  271.86	  272.15	  272.32	  270.51	  272.42	  271.06	  268.25	  270.31	  271.34	  271.01	  270.32	  270.20	  271.36	  269.57	  271.68	  270.76	  269.89	  269.95	  271.43	  270.49	  271.53	   11.51	   15.62	   16.33	   15.10	   14.67	   15.07	   15.26	   14.45	   13.56	   12.57	   12.59	   15.75	    1.96	    0.13	    0.15	    0.03
      26	 15:45:28	   4.500	  129.05	 1014.09	   23.12	  869.80	   1.192	   31.48	 -162.22	 -218.02	 -241.89	 -241.36	 -223.81	 -206.01	 -200.50	 -186.32	 -173.94	 -156.84	 -154.00	 -145.99	 -137.17	 -124.87	 -120.65	 -116.41	 -105.87	  -51.20	  -31.18	  -22.69	   -8.34	    7.38	   18.65	   37.60	   32.81	  269.49	  200.34	  120.42	   77.07	   56.15	   43.75	   34.74	   29.18	   24.56	   21.01	   18.53	   15.77	   14.75	   13.65	   13.30	   13.41	   14.72	   16.92	   19.50	   23.45	   27.28	   31.44	   37.60	  275.38	  276.27	  276.19	  275.24	  274.84	  275.32	  275.15	  275.62	  274.70	  275.51	  275.69	  274.89	  275.64	  274.78	  275.72	  275.90	  274.92	  273.92	  276.10	  277.05	  276.06	  270.15	  252.66	  232.61	  231.34	  248.36	  264.72	  273.47	  275.90	  276.17	  274.28	  276.24	  275.05	  272.53	  273.95	  274.80	  274.86	  274.17	  273.52	  275.07	  273.34	  275.45	  274.24	  273.71	  273.42	  275.32	  274.08	  275.20	   10.84	   15.22	   15.97	   14.69	   14.19	   14.24	   15.01	   13.92	   13.03	   11.91	   11.96	   15.41	    0.81	    0.09	    0.09	   -0.01
      27	 15:45:46	   5.000	  129.38	 1014.10	   23.14	  869.89	   1.192	  -48.79	 -207.49	 -257.25	 -268.91	 -260.36	 -238.52	 -217.45	 -210.10	 -195.34	 -181.08	 -165.01	 -160.34	 -151.50	 -143.91	 -133.03	 -128.51	 -124.40	  -76.90	  -50.07	  -37.34	  -27.59	  -11.27	    4.42	   16.80	   36.67	  -45.66	  266.42	  212.47	  132.46	   86.47	   64.00	   50.30	   40.94	   34.57	   29.31	   25.30	   22.27	   19.14	   17.70	   16.22	   15.52	   15.32	   16.18	   18.13	   20.32	   23.96	   27.55	   31.52	   36.67	  272.38	  273.47	  273.34	  272.17	  271.95	  272.49	  272.01	  272.77	  271.76	  272.70	  272.57	  272.02	  272.74	  271.97	  272.56	  272.96	  272.05	  270.92	  273.33	  274.02	  271.86	  258.32	  237.41	  226.27	  234.83	  255.00	  267.54	  272.20	  273.05	  273.33	  271.44	  273.39	  271.81	  269.20	  270.77	  271.75	  271.62	  270.91	  270.66	  271.88	  270.20	  271.97	  271.14	  270.23	  270.38	  271.99	  270.88	  271.97	   10.24	   14.98	   15.69	   14.41	   13.86	   14.00	   14.62	   13.64	   12.51	   11.37	   11.40	   15.32	    0.33	    0.07	    0.05	   -0.02
      28	 15:46:04	   5.500	  129.45	 1014.09	   23.15	  870.25	   1.192	 -140.61	 -260.19	 -301.00	 -296.88	 -280.49	 -253.77	 -229.72	 -219.68	 -203.03	 -187.89	 -172.25	 -166.96	 -158.20	 -150.71	 -140.65	 -135.57	 -104.85	  -66.53	  -54.21	  -41.74	  -29.60	  -12.52	    4.36	   16.85	   37.14	 -137.32	  262.93	  227.08	  146.53	   98.51	   74.85	   59.37	   49.25	   42.13	   36.15	   31.64	   28.20	   24.49	   22.66	   20.84	   19.74	   19.10	   19.77	   21.31	   23.22	   26.56	   29.84	   33.70	   37.14	  272.46	  273.61	  273.51	  272.39	  272.03	  272.69	  272.22	  273.01	  272.07	  272.89	  272.79	  272.08	  272.93	  272.16	  273.10	  273.19	  272.43	  271.12	  273.51	  274.05	  267.98	  245.91	  227.44	  227.89	  244.26	  264.16	  271.07	  272.91	  273.32	  273.52	  271.54	  273.51	  274.08	  270.74	  273.09	  274.08	  273.91	  273.21	  272.69	  274.25	  272.52	  274.37	  273.43	  272.51	  272.64	  274.40	  273.32	  274.07	   10.71	   15.81	   16.49	   15.13	   14.48	   14.68	   15.08	   13.99	   13.06	   11.83	   11.84	   16.13	    1.31	    0.08	    0.08	   -0.01
      29	 15:46:31	   6.000	  129.13	 1014.09	   23.18	  869.83	   1.192	 -242.62	 -312.99	 -344.90	 -325.03	 -301.15	 -271.04	 -241.66	 -231.80	 -212.61	 -196.82	 -179.82	 -174.37	 -166.34	 -159.48	 -147.06	 -123.77	  -87.90	  -71.53	  -60.02	  -46.07	  -32.74	  -14.26	    2.27	   15.36	   35.39	 -241.42	  253.08	  236.79	  158.20	  108.26	   84.06	   65.71	   55.44	   47.66	   41.21	   36.07	   32.21	   28.20	   25.87	   23.73	   22.24	   21.27	   21.63	   22.79	   24.31	   27.41	   30.32	   33.86	   35.39	  270.08	  271.27	  271.14	  270.08	  269.82	  270.52	  269.90	  270.83	  269.75	  270.62	  270.35	  269.90	  270.67	  270.00	  270.70	  270.89	  270.17	  268.71	  271.29	  271.98	  271.04	  269.43	  265.19	  245.30	  223.67	  223.40	  242.99	  263.23	  270.10	  271.24	  269.33	  271.24	  272.48	  268.33	  271.48	  272.41	  272.29	  271.45	  271.14	  272.41	  270.68	  272.41	  271.77	  270.89	  270.95	  272.70	  271.56	  272.60	   10.24	   15.53	   16.22	   14.86	   14.23	   14.17	   15.35	   13.85	   12.66	   11.40	   11.46	   15.93	    0.38	    0.07	    0.09	    0.01
      30	 15:46:47	   6.500	  130.59	 1014.10	   23.19	  869.73	   1.192	 -355.66	 -369.46	 -394.09	 -360.69	 -326.77	 -289.80	 -259.25	 -245.64	 -224.64	 -207.63	 -190.18	 -185.47	 -176.00	 -166.56	 -136.31	 -109.29	  -92.59	  -77.75	  -64.26	  -49.08	  -34.58	  -15.96	    1.92	   14.98	   35.10	 -353.95	  244.83	  248.84	  172.14	  120.29	   93.73	   75.66	   63.09	   54.62	   47.51	   41.76	   37.44	   32.94	   30.22	   27.77	   25.84	   24.60	   24.57	   25.40	   26.66	   29.42	   32.11	   35.52	   35.10	  273.56	  274.63	  274.48	  273.32	  273.21	  273.74	  273.26	  274.02	  273.14	  273.86	  273.81	  273.30	  273.97	  273.11	  274.01	  274.24	  273.20	  272.18	  274.49	  275.28	  274.44	  271.38	  259.13	  232.54	  218.96	  233.95	  257.93	  271.76	  274.14	  274.55	  272.55	  274.49	  274.92	  271.68	  273.84	  274.86	  274.69	  273.94	  273.41	  274.98	  273.17	  275.04	  274.03	  273.52	  273.35	  275.24	  274.06	  274.78	    9.75	   15.58	   16.26	   14.86	   14.12	   14.02	   15.04	   13.54	   12.26	   11.00	   11.13	   15.97	    0.13	    0.12	    0.08	   -0.06
      31	 15:47:05	   7.000	  130.41	 1014.09	   23.21	  870.11	   1.192	 -478.02	 -425.76	 -443.61	 -392.93	 -348.78	 -307.30	 -274.96	 -258.35	 -236.30	 -218.73	 -201.19	 -193.82	 -177.28	 -154.50	 -131.96	 -115.76	  -99.04	  -82.72	  -67.96	  -51.63	  -36.43	  -16.96	    0.39	   14.16	   33.56	 -477.55	  228.92	  256.41	  184.57	  129.90	  101.89	   83.26	   69.80	   60.58	   52.88	   46.60	   41.73	   36.83	   33.66	   30.88	   28.54	   27.01	   26.61	   27.12	   28.11	   30.48	   32.94	   35.98	   33.56	  274.05	  275.19	  275.20	  274.09	  273.75	  274.24	  273.97	  274.57	  273.64	  274.52	  274.43	  273.64	  274.66	  273.67	  274.48	  274.79	  273.94	  272.82	  274.91	  275.97	  274.65	  266.39	  244.98	  220.78	  220.25	  245.52	  266.80	  273.87	  274.77	  275.06	  273.05	  275.11	  275.27	  272.00	  274.43	  275.51	  275.22	  274.56	  273.84	  275.56	  273.67	  275.59	  274.62	  274.01	  273.78	  275.83	  274.63	  275.53	   10.24	   16.34	   17.01	   15.57	   14.80	   14.79	   15.69	   14.33	   12.88	   11.51	   11.58	   16.87	    0.41	    0.10	    0.05	   -0.05
      32	 15:47:24	   7.500	  129.80	 1014.13	   23.21	  869.84	   1.192	 -599.36	 -479.05	 -486.43	 -419.63	 -366.99	 -321.24	 -286.24	 -268.56	 -245.81	 -227.13	 -201.52	 -188.43	 -168.64	 -154.89	 -136.44	 -119.34	 -102.20	  -85.01	  -69.27	  -52.54	  -37.42	  -17.90	   -0.49	   12.27	   31.25	 -598.44	  205.68	  258.99	  191.93	  137.48	  108.65	   89.01	   75.30	   65.53	   57.26	   50.55	   45.30	   40.13	   36.54	   33.43	   30.80	   28.89	   28.19	   28.38	   29.00	   31.05	   33.14	   35.89	   31.25	  270.90	  272.22	  272.20	  271.05	  270.62	  271.25	  270.74	  271.69	  270.66	  271.48	  271.29	  270.71	  271.54	  270.81	  271.51	  271.87	  271.20	  269.88	  272.22	  272.87	  269.34	  251.78	  226.72	  212.05	  224.36	  252.27	  267.96	  271.37	  271.82	  272.16	  270.29	  272.24	  271.28	  268.78	  270.40	  271.44	  271.04	  270.42	  270.19	  271.32	  269.63	  271.46	  270.64	  270.04	  269.88	  271.50	  270.59	  271.38	    8.62	   15.04	   15.70	   14.26	   13.45	   13.48	   14.21	   12.95	   11.34	    9.95	   10.03	   15.66	   -0.89	    0.08	   -0.05	   -0.23
      33	 15:47:56	   8.000	  130.23	 1014.11	   23.23	  870.19	   1.192	 -732.16	 -536.42	 -538.47	 -452.71	 -389.29	 -339.28	 -302.01	 -283.97	 -256.07	 -224.43	 -199.39	 -187.95	 -173.53	 -160.86	 -141.53	 -123.08	 -104.31	  -86.68	  -70.16	  -53.06	  -37.58	  -18.05	   -0.63	   11.87	   30.43	 -732.28	  184.77	  264.76	  203.96	  147.89	  117.28	   97.27	   82.35	   71.98	   63.12	   55.91	   50.28	   44.56	   40.69	   37.18	   34.29	   31.97	   30.97	   30.82	   31.13	   32.86	   34.71	   37.15	   30.43	  272.91	  274.09	  274.07	  272.92	  272.68	  273.18	  272.79	  273.60	  272.75	  273.37	  273.35	  272.64	  273.52	  272.68	  273.49	  273.69	  272.96	  271.75	  273.92	  274.83	  273.53	  267.54	  248.42	  221.54	  211.00	  229.02	  254.82	  270.34	  273.52	  273.96	  272.12	  274.00	  275.10	  271.55	  274.12	  275.06	  274.90	  274.23	  273.55	  275.06	  273.27	  275.41	  274.20	  273.72	  273.55	  275.48	  274.26	  275.17	    9.46	   16.08	   16.72	   15.19	   14.28	   13.85	   14.84	   13.48	   12.26	   10.73	   10.82	   16.65	    0.19	    0.08	    0.03	    0.00
      34	 15:48:18	   8.500	  131.03	 1014.13	   23.25	  869.72	   1.192	 -873.29	 -598.17	 -591.99	 -486.72	 -415.98	 -361.20	 -322.32	 -290.35	 -251.41	 -225.08	 -204.72	 -196.78	 -180.99	 -166.37	 -145.13	 -125.64	 -106.35	  -88.32	  -71.17	  -53.61	  -37.76	  -18.32	   -0.78	   11.38	   29.49	 -874.24	  157.16	  269.67	  214.30	  158.23	  126.72	  104.63	   89.77	   78.68	   69.31	   61.52	   55.49	   49.32	   45.04	   41.24	   37.97	   35.20	   33.87	   33.41	   33.37	   34.78	   36.40	   38.33	   29.49	  275.98	  276.78	  276.99	  275.79	  275.61	  276.13	  275.86	  276.31	  275.57	  276.26	  276.29	  275.55	  276.42	  275.45	  276.47	  276.65	  275.55	  274.85	  276.68	  277.72	  274.86	  261.49	  237.17	  214.09	  214.20	  239.71	  263.92	  274.61	  276.63	  276.86	  274.90	  276.85	  276.89	  272.40	  275.99	  277.02	  276.73	  276.27	  275.30	  277.21	  275.35	  277.32	  276.09	  275.52	  275.48	  277.64	  276.46	  277.17	    9.76	   16.74	   17.31	   15.77	   14.77	   14.22	   15.03	   13.94	   12.64	   11.04	   11.14	   17.35	    0.52	    0.08	    0.04	    0.04
      35	 15:48:42	   9.000	  129.34	 1014.11	   23.26	  870.36	   1.192	-1004.85	 -643.24	 -640.64	 -514.57	 -438.60	 -383.28	 -313.81	 -283.44	 -254.30	 -233.54	 -210.17	 -201.08	 -184.62	 -167.73	 -146.07	 -126.18	 -106.31	  -88.20	  -70.77	  -53.37	  -37.43	  -18.35	   -1.72	    9.48	   26.45	-1006.77	  125.75	  267.89	  219.78	  164.56	  132.81	  109.67	   94.67	   83.18	   73.40	   65.23	   58.80	   52.29	   47.75	   43.64	   40.08	   37.02	   35.32	   34.55	   34.15	   35.25	   36.44	   38.04	   26.45	  273.22	  274.39	  274.40	  273.12	  272.88	  273.58	  273.07	  273.75	  272.98	  273.58	  273.52	  272.84	  273.78	  272.90	  273.64	  274.03	  273.20	  272.29	  274.16	  274.51	  267.17	  245.22	  220.45	  206.62	  216.65	  245.22	  265.67	  272.72	  274.04	  274.25	  272.28	  274.37	  273.43	  270.38	  272.45	  273.44	  273.36	  272.62	  272.04	  273.42	  271.72	  273.68	  272.67	  271.90	  271.93	  273.83	  272.74	  273.34	    8.48	   15.84	   16.47	   14.92	   13.93	   13.31	   14.00	   13.07	   11.48	    9.94	   10.07	   16.52	   -0.21	    0.15	    0.02	   -0.20
      36	 15:49:00	   9.500	  127.71	 1014.12	   23.28	  869.84	   1.192	-1099.31	 -644.54	 -684.91	 -589.42	 -425.74	 -365.57	 -318.53	 -293.19	 -261.54	 -237.48	 -213.18	 -202.43	 -183.91	 -166.98	 -144.13	 -124.59	 -103.96	  -85.18	  -68.45	  -51.11	  -35.96	  -17.74	   -2.36	    6.83	   21.39	-1102.03	   98.27	  266.97	  224.99	  170.55	  138.54	  115.03	   99.55	   87.76	   77.58	   69.15	   62.20	   55.26	   50.57	   46.04	   42.18	   38.85	   36.76	   35.61	   34.79	   35.44	   36.17	   37.24	   21.39	  271.79	  272.91	  273.03	  271.80	  271.38	  272.23	  271.65	  272.48	  271.58	  272.21	  272.18	  271.45	  272.38	  271.70	  272.45	  272.60	  271.85	  270.83	  272.83	  270.80	  256.40	  230.20	  209.43	  204.61	  221.15	  249.09	  266.35	  271.55	  272.46	  272.93	  270.98	  272.99	  272.77	  269.61	  271.86	  272.76	  272.75	  272.00	  271.54	  272.83	  271.12	  272.98	  272.04	  271.29	  271.30	  273.07	  272.01	  272.97	    8.61	   16.13	   16.70	   15.21	   14.20	   13.37	   14.08	   13.55	   11.68	   10.03	   10.17	   16.87	    0.03	    0.16	   -0.01	   -0.12
      37	 15:49:20	  10.000	  130.75	 1014.18	   23.29	  869.98	   1.192	-1179.12	 -668.22	 -758.28	 -694.07	 -434.28	 -381.02	 -331.20	 -301.82	 -269.48	 -244.77	 -217.56	 -205.24	 -185.41	 -167.16	 -143.88	 -123.10	 -101.96	  -83.06	  -66.78	  -49.46	  -35.05	  -19.07	   -6.19	    1.22	   13.10	-1178.21	   77.01	  268.35	  231.34	  177.47	  144.20	  119.47	  103.76	   91.46	   80.68	   71.79	   64.38	   57.18	   51.92	   46.96	   42.69	   38.95	   36.43	   34.85	   33.59	   33.75	   33.87	   34.50	   13.10	  273.78	  274.98	  274.97	  273.82	  273.48	  274.10	  273.76	  274.37	  273.56	  274.12	  274.23	  273.45	  274.45	  273.51	  274.39	  274.53	  273.45	  272.80	  273.68	  267.28	  245.95	  219.78	  205.45	  207.92	  226.31	  252.47	  267.79	  273.21	  274.50	  274.81	  272.89	  274.80	  276.59	  271.46	  275.91	  276.90	  276.56	  276.15	  275.30	  277.10	  275.19	  277.42	  276.01	  275.49	  275.32	  277.34	  276.13	  277.24	    8.48	   16.18	   16.75	   15.20	   14.00	   12.55	   12.90	   13.15	   11.73	   10.00	   10.01	   16.87	   -0.30	    0.10	    0.01	   -0.02
      38	 15:50:04	  10.100	  131.23	 1014.11	   23.32	  870.24	   1.192	-1196.23	 -670.77	 -771.11	 -679.65	 -438.97	 -383.07	 -331.40	 -302.76	 -269.28	 -243.82	 -216.53	 -204.10	 -185.05	 -167.02	 -142.82	 -121.65	 -101.33	  -82.69	  -66.01	  -49.13	  -34.82	  -19.26	   -6.51	    0.31	   11.77	-1195.99	   71.53	  267.38	  231.83	  178.44	  144.85	  120.22	  104.47	   92.05	   81.21	   72.24	   64.78	   57.48	   52.15	   47.14	   42.84	   39.02	   36.42	   34.76	   33.44	   33.49	   33.49	   34.03	   11.77	  273.38	  274.44	  274.49	  273.12	  272.93	  273.62	  273.17	  273.77	  272.96	  273.63	  273.75	  273.17	  273.91	  273.01	  273.75	  274.04	  273.17	  272.57	  274.28	  274.54	  269.10	  253.00	  231.31	  209.17	  202.32	  217.22	  239.55	  260.84	  270.78	  273.98	  272.46	  274.37	  276.73	  273.03	  275.82	  276.82	  276.53	  276.01	  275.13	  276.87	  275.21	  277.14	  276.04	  275.35	  275.25	  277.36	  276.22	  277.13	    8.54	   16.08	   16.69	   15.17	   14.15	   12.15	   13.55	   13.08	   11.82	   10.09	   10.13	   16.79	   -0.91	    0.07	   -0.01	   -0.05
      39	 15:50:20	  10.200	  128.71	 1014.11	   23.32	  869.94	   1.192	-1208.49	 -682.86	 -780.47	 -657.54	 -440.55	 -382.94	 -331.12	 -300.95	 -268.84	 -243.08	 -215.83	 -202.94	 -182.87	 -165.15	 -141.75	 -120.98	  -99.77	  -80.81	  -64.88	  -48.05	  -33.90	  -18.81	   -6.39	    0.07	   11.21	-1208.78	   66.24	  267.11	  232.39	  180.00	  145.92	  121.83	  105.63	   93.10	   82.24	   73.24	   65.70	   58.10	   53.03	   47.93	   43.56	   39.77	   37.03	   35.32	   33.92	   33.94	   33.83	   34.26	   11.21	  273.09	  274.11	  274.25	  273.06	  272.74	  273.47	  272.90	  273.57	  272.74	  273.47	  273.53	  272.83	  273.57	  272.79	  273.53	  273.79	  272.95	  272.31	  274.04	  274.05	  268.07	  251.20	  229.54	  207.42	  201.69	  215.81	  237.63	  259.46	  270.08	  273.60	  272.16	  274.16	  274.06	  269.57	  273.07	  274.14	  273.92	  273.39	  272.74	  274.22	  272.40	  274.42	  273.32	  272.69	  272.58	  274.48	  273.51	  274.29	    9.96	   17.54	   18.13	   16.65	   15.55	   13.47	   14.71	   14.33	   13.14	   11.54	   11.59	   18.15	    0.28	    0.12	    0.05	   -0.06
      40	 15:50:32	  10.300	  127.51	 1014.14	   23.32	  869.87	   1.192	-1215.18	 -684.17	 -788.54	 -629.16	 -440.86	 -381.53	 -330.28	 -300.43	 -267.27	 -241.47	 -214.18	 -202.13	 -181.55	 -163.55	 -140.35	 -119.80	  -98.88	  -79.96	  -63.90	  -47.13	  -33.95	  -18.89	   -7.43	   -0.91	    9.92	-1216.32	   60.10	  264.40	  231.68	  179.13	  145.44	  121.22	  105.32	   92.83	   81.95	   72.95	   65.46	   57.83	   52.70	   47.61	   43.20	   39.24	   36.55	   34.76	   33.29	   33.20	   33.03	   33.31	    9.92	  270.55	  271.74	  271.66	  270.58	  270.23	  270.92	  270.33	  271.33	  270.52	  271.01	  270.90	  270.18	  271.17	  270.46	  271.17	  271.30	  270.77	  269.72	  271.50	  271.15	  264.37	  247.45	  226.45	  204.87	  198.11	  210.46	  231.30	  252.74	  265.54	  270.67	  269.73	  271.65	  273.40	  268.54	  272.28	  273.38	  273.15	  272.47	  271.96	  273.32	  271.76	  273.59	  272.71	  271.97	  271.86	  273.76	  272.71	  273.50	    9.21	   16.63	   17.20	   15.69	   14.60	   12.37	   13.52	   13.28	   12.42	   10.70	   10.72	   17.29	   -0.38	    0.11	    0.03	    0.07
      41	 15:50:56	  10.400	  130.15	 1014.10	   23.33	  870.19	   1.192	-1241.33	 -700.43	 -810.37	 -590.79	 -447.87	 -386.88	 -333.18	 -302.56	 -269.97	 -243.75	 -215.76	 -202.79	 -183.02	 -164.12	 -140.42	 -119.95	  -98.22	  -79.78	  -63.42	  -46.76	  -33.75	  -19.07	   -7.49	   -1.71	    8.63	-1240.76	   54.69	  265.89	  234.29	  182.08	  147.79	  123.54	  107.23	   94.58	   83.56	   74.43	   66.85	   59.12	   53.86	   48.61	   44.11	   40.11	   37.32	   35.43	   33.85	   33.67	   33.41	   33.44	    8.63	  272.60	  273.69	  273.74	  272.56	  272.06	  272.91	  272.40	  273.17	  272.37	  273.07	  273.01	  272.29	  273.19	  272.42	  273.01	  273.25	  272.52	  271.90	  273.55	  272.95	  265.64	  248.34	  226.76	  205.65	  198.47	  211.14	  232.28	  254.72	  267.71	  272.77	  271.50	  273.64	  273.85	  269.64	  272.97	  273.85	  273.74	  273.19	  272.50	  273.93	  272.26	  274.10	  273.17	  272.41	  272.35	  274.25	  273.14	  274.03	    9.19	   16.68	   17.27	   15.75	   14.66	   12.26	   13.42	   13.24	   12.47	   10.67	   10.73	   17.35	   -0.29	    0.11	    0.04	    0.08
      42	 15:51:11	  10.500	  130.83	 1014.12	   23.34	  869.94	   1.192	-1252.82	 -702.66	 -824.04	 -570.27	 -449.72	 -387.38	 -333.79	 -303.06	 -269.48	 -243.84	 -215.22	 -201.91	 -181.38	 -163.72	 -139.14	 -118.90	  -97.51	  -78.92	  -62.92	  -46.49	  -33.59	  -19.17	   -7.74	   -2.28	    7.20	-1251.70	   48.72	  265.12	  234.43	  182.92	  148.01	  123.78	  107.63	   94.89	   83.82	   74.62	   66.99	   59.24	   53.91	   48.58	   44.03	   40.01	   37.12	   35.16	   33.52	   33.27	   32.89	   32.82	    7.20	  271.68	  272.76	  272.87	  271.67	  271.18	  272.09	  271.38	  272.37	  271.40	  272.13	  272.04	  271.25	  272.41	  271.57	  272.28	  272.46	  271.71	  271.01	  272.62	  271.83	  263.78	  245.73	  224.84	  203.07	  196.16	  208.61	  229.91	  252.95	  266.32	  271.68	  270.61	  272.73	  273.85	  270.70	  272.95	  273.92	  273.70	  272.99	  272.56	  273.84	  272.20	  274.12	  273.25	  272.53	  272.33	  274.27	  273.15	  273.87	    9.06	   16.62	   17.21	   15.72	   14.65	   12.22	   13.47	   13.35	   12.36	   10.60	   10.66	   17.27	   -0.28	    0.11	    0.05	   -0.02
      43	 15:51:24	  10.600	  129.45	 1014.12	   23.35	  870.08	   1.192	-1268.62	 -709.06	 -841.21	 -546.13	 -452.79	 -388.17	 -334.53	 -303.44	 -269.28	 -242.73	 -215.12	 -201.19	 -181.64	 -162.84	 -138.63	 -118.04	  -96.55	  -77.72	  -61.75	  -45.91	  -33.14	  -19.01	   -8.03	   -2.75	    6.59	-1268.04	   43.64	  265.27	  236.08	  184.72	  149.79	  125.23	  109.06	   96.21	   85.02	   75.78	   68.06	   60.45	   54.84	   49.46	   44.87	   40.77	   37.78	   35.74	   34.04	   33.66	   33.22	   33.18	    6.59	  272.24	  273.36	  273.45	  272.23	  271.96	  272.55	  272.05	  272.97	  272.01	  272.70	  272.61	  271.98	  272.96	  272.11	  272.75	  273.01	  272.35	  271.51	  273.21	  271.98	  263.16	  244.75	  223.18	  201.95	  196.12	  209.65	  231.18	  254.30	  267.25	  272.46	  271.34	  273.38	  274.11	  270.85	  273.13	  274.01	  273.88	  273.24	  272.67	  274.08	  272.44	  274.46	  273.32	  272.63	  272.43	  274.46	  273.31	  274.24	    9.42	   17.04	   17.62	   16.11	   15.01	   12.49	   13.67	   13.67	   12.74	   10.98	   11.03	   17.69	   -0.20	    0.13	    0.05	    0.02
      44	 15:51:37	  10.700	  129.19	 1014.13	   23.35	  870.21	   1.192	-1287.91	 -724.19	 -863.57	 -529.00	 -457.91	 -392.04	 -337.80	 -306.55	 -272.27	 -246.56	 -216.58	 -203.36	 -182.63	 -163.71	 -139.14	 -117.70	  -96.44	  -77.81	  -62.22	  -46.31	  -33.85	  -20.24	   -9.71	   -4.80	    4.46	-1287.36	   37.42	  264.90	  236.57	  185.25	  150.15	  126.12	  109.45	   96.47	   85.16	   75.78	   68.01	   60.17	   54.60	   49.12	   44.45	   40.24	   37.17	   35.05	   33.28	   32.84	   32.25	   32.13	    4.46	  272.28	  273.33	  273.50	  272.23	  271.91	  272.60	  272.10	  272.94	  272.05	  272.78	  272.49	  272.04	  272.87	  272.09	  272.84	  273.08	  272.41	  271.63	  273.15	  271.72	  262.18	  243.01	  221.65	  201.01	  195.43	  209.72	  231.64	  254.31	  267.37	  272.59	  271.30	  273.40	  272.97	  269.29	  271.93	  272.95	  272.66	  272.19	  271.60	  272.86	  271.20	  273.22	  272.18	  271.36	  271.41	  273.40	  272.16	  273.09	    9.24	   16.79	   17.39	   15.88	   14.79	   12.19	   13.29	   13.43	   12.54	   10.74	   10.81	   17.45	   -0.36	    0.11	    0.04	    0.01
      45	 15:51:58	  10.800	  129.41	 1014.06	   23.37	  869.58	   1.191	-1311.00	 -741.55	 -887.98	 -521.00	 -464.39	 -397.20	 -340.85	 -309.10	 -275.00	 -249.30	 -218.59	 -203.93	 -183.17	 -163.94	 -139.31	 -118.35	  -96.57	  -77.78	  -61.97	  -46.12	  -33.98	  -20.56	  -10.35	   -5.61	    2.88	-1309.93	   32.16	  266.50	  239.06	  187.91	  152.12	  127.75	  111.06	   97.86	   86.40	   76.91	   68.99	   61.01	   55.37	   49.77	   45.00	   40.70	   37.57	   35.35	   33.47	   32.92	   32.27	   32.00	    2.88	  274.39	  275.34	  275.45	  274.30	  274.00	  274.44	  274.16	  274.86	  274.09	  274.76	  274.82	  273.97	  274.93	  274.00	  274.75	  275.04	  274.25	  273.45	  274.93	  272.98	  262.43	  242.09	  220.29	  201.06	  196.93	  211.61	  233.83	  256.10	  269.07	  274.38	  273.10	  275.30	  272.71	  269.26	  271.70	  272.68	  272.48	  271.81	  271.36	  272.63	  271.00	  272.83	  271.86	  271.21	  271.20	  273.05	  272.05	  272.79	    8.53	   16.16	   16.74	   15.24	   14.14	   11.49	   12.54	   12.81	   11.92	   10.09	   10.15	   16.83	   -0.65	    0.10	    0.04	    0.03
      46	 15:52:19	  10.900	  130.01	 1014.18	   23.37	  870.03	   1.192	-1321.89	 -762.36	 -910.72	 -513.66	 -467.81	 -399.12	 -342.24	 -310.39	 -275.19	 -249.50	 -218.51	 -204.38	 -182.87	 -163.22	 -138.57	 -117.75	  -96.21	  -77.33	  -61.47	  -45.98	  -33.89	  -20.88	  -10.84	   -6.60	    1.42	-1321.66	   25.66	  266.17	  240.12	  188.91	  153.34	  128.89	  111.83	   98.54	   87.05	   77.44	   69.51	   61.43	   55.74	   50.08	   45.20	   40.83	   37.63	   35.34	   33.35	   32.74	   31.97	   31.57	    1.42	  274.11	  275.01	  275.25	  273.96	  273.73	  274.22	  274.00	  274.59	  273.81	  274.38	  274.44	  273.70	  274.58	  273.64	  274.47	  274.77	  273.88	  273.18	  274.47	  272.35	  261.53	  241.32	  219.07	  199.94	  195.60	  210.73	  232.69	  254.92	  268.06	  273.87	  272.99	  275.13	  275.17	  271.91	  274.10	  275.08	  275.01	  274.33	  273.67	  275.28	  273.53	  275.49	  274.36	  273.82	  273.55	  275.69	  274.60	  275.25	    8.74	   16.47	   17.08	   15.54	   14.48	   11.80	   12.92	   13.25	   12.21	   10.35	   10.41	   17.16	   -0.70	    0.09	    0.06	    0.04
      47	 15:52:40	  11.000	  130.56	 1014.14	   23.39	  870.07	   1.191	-1320.49	 -818.66	 -939.48	 -513.29	 -470.63	 -400.20	 -344.59	 -310.38	 -275.58	 -251.26	 -217.72	 -203.52	 -182.20	 -162.76	 -137.72	 -116.56	  -95.11	  -76.45	  -60.89	  -45.54	  -34.24	  -21.64	  -12.09	   -7.87	   -0.04	-1321.08	   20.17	  265.27	  240.13	  189.94	  154.17	  129.70	  112.33	   99.01	   87.41	   77.75	   69.73	   61.66	   55.85	   50.13	   45.17	   40.76	   37.50	   35.15	   33.08	   32.40	   31.53	   31.09	   -0.04	  273.91	  274.88	  274.98	  273.57	  273.53	  273.92	  273.57	  274.33	  273.64	  274.09	  274.30	  273.51	  274.42	  273.43	  274.20	  274.51	  273.70	  272.98	  274.10	  271.15	  259.47	  238.17	  216.44	  198.14	  194.89	  210.15	  232.36	  254.41	  267.92	  273.61	  272.88	  274.85	  275.90	  272.49	  274.85	  275.88	  275.65	  275.09	  274.38	  276.03	  274.17	  276.29	  274.99	  274.56	  274.28	  276.48	  275.29	  276.26	    9.10	   16.92	   17.54	   16.01	   14.92	   12.11	   13.13	   13.56	   12.55	   10.76	   10.82	   17.55	   -0.46	    0.06	    0.05	   -0.10
      48	 15:52:56	  11.100	  130.32	 1014.14	   23.40	  870.10	   1.191	-1206.13	 -849.26	 -970.25	 -518.12	 -472.90	 -401.28	 -343.46	 -310.85	 -274.80	 -250.29	 -216.78	 -203.20	 -181.10	 -161.21	 -135.85	 -114.69	  -94.02	  -75.20	  -59.60	  -44.97	  -33.54	  -21.20	  -12.25	   -8.66	   -0.96	-1206.91	    4.97	  264.12	  241.46	  190.82	  155.21	  130.84	  113.53	  100.20	   88.52	   78.82	   70.73	   62.74	   56.71	   50.96	   45.96	   41.52	   38.19	   35.72	   33.63	   32.81	   31.84	   31.27	   -0.96	  273.67	  274.69	  274.81	  273.48	  273.29	  273.77	  273.43	  274.17	  273.22	  273.96	  273.98	  273.41	  274.24	  273.35	  274.08	  274.36	  273.53	  272.71	  273.95	  270.75	  258.55	  236.35	  214.35	  196.49	  194.07	  210.76	  233.27	  255.24	  267.94	  273.40	  272.60	  274.68	  274.70	  271.10	  273.53	  274.62	  274.53	  273.71	  273.20	  274.74	  273.02	  275.03	  273.78	  273.13	  273.06	  275.05	  273.99	  274.90	    8.76	   16.47	   17.12	   15.57	   14.43	   11.50	   12.40	   12.92	   12.23	   10.36	   10.40	   17.13	   -0.43	    0.09	    0.05	    0.01
      49	 15:53:08	  11.200	  129.65	 1014.15	   23.40	  869.82	   1.191	-1221.43	 -863.24	-1004.44	 -525.35	 -472.92	 -401.09	 -343.62	 -309.82	 -273.52	 -248.80	 -215.21	 -200.95	 -178.84	 -159.44	 -134.27	 -112.78	  -92.25	  -73.40	  -58.29	  -43.60	  -33.32	  -21.42	  -12.85	   -9.37	   -2.45	-1221.83	   -2.39	  262.75	  241.43	  191.64	  155.62	  131.14	  114.02	  100.62	   88.94	   79.20	   71.10	   63.05	   57.01	   51.16	   46.14	   41.63	   38.23	   35.70	   33.49	   32.60	   31.50	   30.76	   -2.45	  272.50	  273.59	  273.67	  272.62	  272.42	  272.79	  272.44	  273.13	  272.35	  273.01	  272.86	  272.37	  273.25	  272.25	  273.13	  273.36	  272.39	  271.60	  272.72	  268.93	  255.20	  233.52	  212.48	  195.29	  193.09	  209.10	  231.11	  253.24	  266.15	  272.12	  271.50	  273.66	  273.03	  269.56	  272.11	  273.02	  272.75	  272.00	  271.67	  272.94	  271.33	  273.24	  272.34	  271.41	  271.47	  273.31	  272.30	  273.24	    9.31	   16.97	   17.59	   16.06	   14.89	   11.90	   12.69	   13.45	   12.78	   10.92	   10.91	   17.58	   -0.26	    0.08	    0.05	    0.05
      50	 15:53:20	  11.300	  130.54	 1014.18	   23.42	  869.86	   1.191	-1252.97	 -880.17	-1042.33	 -547.49	 -485.08	 -409.08	 -351.33	 -315.72	 -278.03	 -253.36	 -219.13	 -203.69	 -181.17	 -162.06	 -136.14	 -114.29	  -92.94	  -74.37	  -59.29	  -44.80	  -34.29	  -23.32	  -15.10	  -12.22	   -4.51	-1252.50	   -8.39	  265.10	  244.93	  193.92	  157.87	  132.98	  115.57	  101.93	   90.00	   80.08	   71.78	   63.59	   57.38	   51.42	   46.24	   41.61	   38.08	   35.42	   33.10	   32.14	   30.92	   30.05	   -4.51	  275.77	  276.54	  276.57	  275.33	  275.26	  275.75	  275.36	  276.02	  275.35	  275.90	  276.03	  275.28	  276.06	  275.10	  275.99	  276.39	  275.35	  274.44	  275.08	  270.90	  256.57	  234.54	  213.16	  196.63	  195.70	  211.32	  233.54	  255.04	  268.39	  274.72	  274.34	  276.44	  276.22	  273.18	  275.32	  276.25	  275.89	  275.40	  274.74	  276.43	  274.70	  276.61	  275.46	  274.85	  274.80	  276.80	  275.68	  276.24	    8.07	   15.89	   16.56	   15.04	   13.83	   10.64	   11.49	   12.32	   11.65	    9.76	    9.76	   16.57	   -1.23	    0.08	    0.05	    0.02
      51	 15:53:39	  11.400	  128.78	 1014.17	   23.42	  869.85	   1.191	-1247.48	 -894.73	-1030.72	 -553.71	 -482.57	 -404.75	 -345.94	 -311.16	 -273.55	 -248.86	 -214.70	 -199.44	 -177.18	 -157.44	 -131.16	 -109.71	  -89.85	  -71.65	  -56.83	  -42.77	  -33.26	  -22.74	  -14.75	  -12.68	   -5.15	-1247.41	  -11.94	  262.20	  243.31	  193.35	  157.77	  133.04	  115.69	  102.19	   90.32	   80.49	   72.24	   63.96	   57.88	   51.92	   46.74	   42.06	   38.55	   35.86	   33.51	   32.44	   31.14	   30.09	   -5.15	  272.97	  273.92	  273.95	  272.87	  272.55	  273.05	  272.67	  273.44	  272.54	  273.32	  273.32	  272.67	  273.43	  272.62	  273.50	  273.63	  272.74	  271.69	  272.54	  267.90	  252.89	  229.74	  208.50	  193.84	  193.31	  211.06	  232.84	  254.62	  266.92	  272.47	  271.84	  274.02	  274.37	  269.92	  273.48	  274.38	  274.25	  273.48	  273.00	  274.51	  272.80	  274.82	  273.73	  273.06	  272.98	  274.89	  273.85	  274.52	    8.91	   16.68	   17.33	   15.81	   14.59	   11.36	   12.20	   12.98	   12.41	   10.57	   10.57	   17.33	   -0.14	    0.10	    0.05	   -0.04
      52	 15:54:19	  12.000	  131.83	 1014.20	   23.43	  870.24	   1.191	-1358.77	 -956.76	-1103.82	 -597.25	 -497.23	 -414.50	 -352.75	 -313.04	 -273.77	 -245.03	 -208.92	 -190.07	 -165.29	 -142.90	 -113.14	  -93.10	  -73.74	  -59.14	  -49.50	  -41.92	  -39.37	  -35.63	  -29.03	  -30.06	  -20.19	-1358.61	  -35.69	  264.07	  251.16	  200.93	  164.47	  139.20	  121.24	  106.95	   94.46	   84.03	   75.18	   66.35	   59.65	   53.12	   47.30	   42.08	   37.78	   34.40	   31.31	   29.37	   27.06	   24.65	  -20.19	  277.60	  278.26	  278.19	  277.39	  277.12	  277.65	  277.29	  277.83	  277.10	  277.82	  277.85	  277.19	  277.98	  276.91	  277.86	  278.15	  276.81	  275.30	  274.12	  264.73	  244.66	  221.34	  202.77	  192.10	  196.08	  215.25	  237.19	  257.86	  270.01	  276.24	  275.77	  278.16	  279.21	  275.02	  278.46	  279.55	  278.91	  278.67	  277.88	  279.97	  278.08	  280.18	  278.77	  278.14	  277.98	  280.10	  278.93	  279.84	    9.41	   17.31	   18.00	   16.46	   14.76	   10.95	   11.16	   13.16	   13.05	   11.16	   11.07	   17.93	   -0.33	    0.09	    0.03	    0.06
      53	 15:54:38	  12.500	  130.71	 1014.19	   23.45	  870.14	   1.191	-1319.96	 -949.44	-1131.58	 -577.84	 -480.33	 -397.59	 -336.54	 -294.91	 -252.72	 -220.79	 -182.44	 -159.51	 -134.06	 -108.05	  -82.69	  -66.43	  -58.68	  -52.55	  -51.90	  -50.01	  -49.34	  -47.86	  -44.21	  -45.44	  -34.77	-1320.26	  -41.77	  258.44	  248.34	  200.36	  164.28	  139.06	  121.19	  106.83	   94.22	   83.61	   74.55	   65.56	   58.53	   51.69	   45.53	   39.81	   35.13	   31.24	   27.50	   24.85	   21.72	   18.43	  -34.77	  272.92	  273.84	  273.87	  272.92	  272.47	  273.08	  272.55	  273.37	  272.62	  273.34	  273.17	  272.68	  273.53	  272.68	  273.48	  273.44	  272.18	  268.97	  265.36	  252.94	  230.67	  207.95	  192.90	  186.89	  194.06	  214.76	  234.84	  253.46	  265.23	  271.52	  271.45	  273.81	  275.16	  272.56	  274.10	  275.04	  274.88	  274.20	  273.59	  275.17	  273.40	  275.45	  274.22	  273.60	  273.55	  275.58	  274.28	  275.29	    9.48	   17.29	   18.02	   16.48	   14.30	   10.31	   10.16	   13.00	   12.91	   11.18	   11.14	   17.85	   -0.39	    0.13	    0.04	    0.03
      54	 15:55:04	  13.000	  131.84	 1014.19	   23.46	  869.68	   1.191	-1240.58	 -982.82	-1161.38	 -584.82	 -482.24	 -394.07	 -329.73	 -283.85	 -238.16	 -202.28	 -159.88	 -135.74	 -110.79	  -90.82	  -73.58	  -66.17	  -64.43	  -62.94	  -63.16	  -61.95	  -62.88	  -61.23	  -58.52	  -59.47	  -48.56	-1240.54	  -47.37	  262.16	  254.67	  206.43	  169.53	  143.33	  124.46	  109.44	   96.23	   85.05	   75.47	   65.77	   58.37	   50.93	   44.20	   37.86	   32.61	   28.12	   23.74	   20.29	   16.48	   12.26	  -48.56	  278.61	  279.20	  279.25	  278.47	  278.11	  278.51	  278.22	  278.69	  278.04	  278.74	  278.77	  278.13	  278.83	  277.57	  278.68	  278.96	  277.70	  276.68	  277.72	  275.45	  265.69	  249.12	  229.68	  208.58	  194.09	  191.54	  200.72	  219.71	  239.46	  257.90	  267.60	  275.64	  279.47	  276.57	  280.17	  281.34	  280.60	  280.64	  279.81	  281.86	  280.01	  282.12	  280.70	  280.04	  280.06	  281.99	  280.84	  281.67	    9.63	   17.29	   18.17	   16.68	   15.41	    8.53	   10.75	    9.44	   12.24	   10.99	   11.17	   17.83	   -0.84	    0.07	    0.04	    0.02
      55	 15:55:23	  13.500	  131.25	 1014.21	   23.48	  869.81	   1.191	-1181.46	 -940.25	-1160.35	 -564.32	 -456.67	 -367.73	 -302.20	 -253.05	 -204.55	 -166.86	 -124.09	 -106.74	  -90.78	  -82.26	  -74.88	  -71.97	  -73.31	  -72.99	  -74.30	  -73.84	  -75.01	  -73.82	  -71.29	  -73.73	  -60.83	-1180.98	  -40.63	  261.03	  254.00	  206.74	  169.97	  143.47	  124.85	  109.74	   96.25	   84.87	   75.03	   65.02	   57.31	   49.58	   42.46	   35.70	   30.07	   25.06	   20.20	   16.24	   11.83	    6.99	  -60.83	  277.61	  278.33	  278.23	  277.34	  277.08	  277.56	  277.24	  277.76	  276.98	  277.64	  277.87	  277.10	  277.81	  276.79	  277.71	  277.90	  276.65	  275.34	  275.26	  269.86	  256.18	  235.95	  216.48	  198.24	  189.48	  194.93	  208.00	  228.35	  246.29	  262.21	  269.53	  276.03	  278.43	  274.84	  278.13	  279.30	  278.79	  278.44	  277.51	  279.64	  277.76	  279.82	  278.36	  277.60	  277.70	  279.84	  278.62	  279.63	    9.87	   17.89	   18.87	   17.41	   15.72	    7.08	    9.43	    7.06	    9.83	    9.80	   11.05	   18.34	   -0.21	    0.08	    0.03	   -0.04
      56	 15:55:39	  14.000	  129.47	 1014.23	   23.49	  869.88	   1.191	-1088.66	 -855.10	-1081.99	 -564.17	 -424.59	 -336.36	 -271.16	 -220.33	 -173.26	 -138.87	 -105.08	  -96.65	  -88.97	  -84.85	  -78.53	  -79.00	  -80.30	  -79.51	  -80.58	  -80.48	  -81.27	  -80.96	  -78.77	  -80.81	  -67.22	-1088.09	  -27.56	  258.65	  251.20	  204.86	  168.79	  142.39	  123.91	  108.72	   95.27	   83.77	   73.77	   63.64	   55.73	   47.82	   40.46	   33.41	   27.52	   22.21	   17.03	   12.77	    7.96	    3.01	  -67.22	  274.08	  275.10	  275.11	  273.71	  273.76	  274.27	  273.87	  274.53	  273.77	  274.38	  274.41	  273.91	  274.59	  273.70	  274.55	  274.27	  273.33	  270.84	  268.57	  259.19	  240.61	  218.08	  201.38	  189.19	  188.52	  200.55	  217.78	  238.30	  254.09	  265.73	  269.60	  273.92	  276.67	  273.23	  275.95	  276.92	  276.61	  276.16	  275.37	  277.11	  275.35	  277.37	  276.15	  275.45	  275.41	  277.52	  276.32	  276.95	    8.98	   17.41	   18.54	   17.18	   15.11	    3.33	    8.43	    2.07	    3.14	    4.63	    8.82	   17.77	   -0.75	    0.09	    0.03	   -0.07
      57	 15:55:58	  14.500	  128.50	 1014.16	   23.50	  869.93	   1.191	 -427.68	 -284.08	 -362.47	 -354.65	 -339.58	 -313.34	 -295.64	 -283.86	 -264.83	 -249.84	 -223.90	 -215.32	 -202.42	 -188.78	 -170.59	 -159.11	 -149.15	 -138.57	 -131.14	 -123.00	 -116.46	 -107.46	  -98.09	  -92.05	  -67.99	 -426.88	  155.55	  269.10	  234.29	  186.99	  154.55	  131.04	  114.05	  100.34	   87.98	   77.34	   68.09	   58.57	   51.27	   43.93	   37.04	   30.61	   25.19	   20.45	   15.91	   12.27	    8.20	    3.46	  -67.99	  275.68	  276.51	  276.51	  275.57	  275.19	  275.71	  275.24	  275.96	  275.23	  275.77	  275.59	  274.86	  274.97	  272.87	  271.69	  268.35	  263.89	  256.73	  251.77	  242.25	  228.99	  215.95	  206.90	  196.64	  187.61	  177.13	  170.15	  166.07	  163.01	  162.12	  159.60	  163.04	  169.21	  168.41	  179.93	  186.99	  193.00	  198.52	  210.13	  224.45	  234.05	  247.07	  254.92	  260.22	  265.26	  270.56	  273.77	  277.51	  -13.79	   15.42	   15.60	   12.09	    6.41	   -9.68	   -1.93	  -13.68	  -15.06	  -17.15	  -15.87	   15.70	   -0.80	    0.09	    0.02	   -0.01
      58	 15:56:13	  14.500	  128.48	 1014.22	   23.51	  869.94	   1.191	 -411.74	 -283.33	 -330.94	 -329.98	 -319.62	 -298.66	 -283.11	 -274.05	 -259.47	 -245.24	 -222.56	 -215.11	 -200.79	 -189.44	 -174.06	 -163.49	 -156.18	 -145.14	 -136.75	 -128.41	 -121.63	 -112.59	 -102.35	  -95.39	  -70.74	 -411.42	  159.34	  268.84	  231.73	  184.00	  151.82	  128.60	  111.69	   98.09	   85.80	   75.20	   65.95	   56.60	   49.14	   41.81	   34.91	   28.44	   23.04	   18.28	   13.62	    9.93	    5.78	    1.44	  -70.74	  275.23	  276.01	  276.10	  274.98	  274.69	  275.21	  274.87	  275.47	  274.71	  275.36	  275.03	  274.40	  274.17	  272.19	  271.03	  268.00	  263.43	  255.28	  249.48	  240.12	  228.18	  216.18	  206.94	  195.72	  186.60	  178.00	  169.70	  165.08	  162.27	  162.12	  160.67	  164.33	  169.12	  168.93	  177.61	  181.52	  186.42	  191.86	  202.62	  217.26	  228.71	  241.47	  249.68	  256.92	  263.33	  269.24	  272.30	  276.54	  -11.21	   16.07	   16.33	   12.68	    7.27	   -8.65	   -1.29	  -13.16	  -14.98	  -15.71	  -13.68	   16.36	    0.15	    0.10	    0.05	    0.02
      59	 15:56:32	  14.000	  129.53	 1014.18	   23.52	  869.86	   1.191	-1074.72	 -806.83	-1068.69	 -562.88	 -421.05	 -333.91	 -269.41	 -219.26	 -175.28	 -138.72	 -103.88	  -95.73	  -86.15	  -82.83	  -76.41	  -76.07	  -77.31	  -76.54	  -77.61	  -77.68	  -78.53	  -77.70	  -75.69	  -78.05	  -64.66	-1075.42	  -25.86	  257.23	  250.18	  204.01	  168.20	  142.27	  123.83	  108.82	   95.42	   84.00	   74.09	   64.11	   56.19	   48.31	   41.01	   34.02	   28.20	   22.93	   17.83	   13.59	    8.86	    3.79	  -64.66	  272.80	  273.77	  273.79	  272.60	  272.42	  272.89	  272.38	  273.13	  272.38	  273.08	  273.07	  272.59	  272.83	  272.39	  273.28	  272.70	  272.30	  269.29	  267.03	  257.97	  240.05	  218.46	  201.49	  188.29	  186.26	  197.63	  212.98	  231.91	  248.39	  261.40	  266.76	  271.74	  273.78	  269.13	  273.26	  274.33	  274.20	  273.54	  273.07	  274.44	  272.80	  274.74	  273.75	  272.90	  272.91	  274.99	  273.79	  274.59	    9.93	   17.84	   18.98	   17.59	   15.50	    3.56	    8.43	    2.57	    4.47	    5.99	    9.59	   18.19	   -0.40	    0.08	    0.05	    0.06
      60	 15:56:43	  13.500	  128.02	 1014.14	   23.53	  870.01	   1.191	-1159.20	 -904.36	-1143.57	 -555.74	 -449.55	 -362.70	 -298.88	 -251.14	 -206.41	 -167.13	 -124.02	 -107.21	  -91.07	  -81.58	  -73.20	  -70.45	  -71.06	  -70.86	  -71.56	  -70.62	  -71.86	  -70.55	  -68.24	  -70.34	  -57.93	-1158.63	  -39.04	  257.33	  250.81	  203.47	  167.63	  141.79	  123.18	  108.27	   95.02	   83.81	   74.06	   64.16	   56.69	   49.05	   42.07	   35.40	   29.89	   24.97	   20.21	   16.35	   12.05	    7.51	  -57.93	  273.34	  274.30	  274.27	  273.09	  272.81	  273.40	  272.97	  273.66	  272.74	  273.58	  273.61	  273.10	  273.24	  272.94	  273.64	  273.22	  273.02	  270.98	  271.48	  266.18	  253.08	  233.04	  214.55	  195.27	  187.13	  192.08	  205.31	  225.06	  242.71	  258.44	  265.94	  271.80	  272.82	  270.42	  272.25	  273.22	  273.12	  272.52	  272.10	  273.33	  271.58	  273.54	  272.50	  271.81	  271.73	  273.75	  272.60	  273.45	    9.62	   17.49	   18.44	   17.05	   15.48	    7.25	    9.65	    7.39	    9.90	    9.82	   10.91	   17.93	   -0.74	    0.13	    0.04	   -0.14
      61	 15:57:15	  15.000	  126.41	 1014.17	   23.54	  869.76	   1.191	 -356.33	 -204.97	 -250.35	 -249.96	 -253.86	 -240.00	 -232.95	 -232.92	 -228.05	 -219.59	 -205.58	 -204.71	 -198.63	 -190.26	 -178.16	 -170.39	 -165.76	 -155.65	 -149.30	 -141.29	 -135.68	 -128.33	 -118.94	 -113.29	  -84.75	 -355.05	  183.17	  266.50	  225.11	  177.84	  146.99	  123.61	  107.25	   93.88	   81.66	   71.02	   61.71	   52.33	   44.68	   37.18	   29.98	   23.30	   17.50	   12.37	    7.37	    3.15	   -1.62	   -6.71	  -84.75	  272.30	  273.22	  273.22	  272.09	  271.85	  272.40	  271.79	  272.69	  271.77	  272.49	  272.19	  271.42	  270.45	  268.83	  267.11	  262.81	  257.38	  248.63	  242.35	  232.07	  218.71	  205.57	  196.52	  185.35	  176.23	  168.32	  160.91	  157.00	  154.38	  153.64	  151.76	  155.30	  157.50	  158.36	  166.08	  172.36	  180.06	  185.52	  197.53	  213.78	  226.26	  240.62	  249.64	  257.14	  263.25	  268.45	  270.50	  273.36	  -19.20	   15.44	   15.62	   11.91	    6.45	  -11.02	   -2.51	  -15.92	  -18.84	  -21.62	  -20.02	   15.55	   -0.51	    0.08	    0.07	   -0.02
      62	 15:57:30	  15.500	  129.80	 1014.19	   23.55	  869.90	   1.191	 -340.09	 -180.93	 -200.97	 -199.87	 -205.95	 -194.42	 -188.78	 -191.38	 -191.21	 -189.67	 -179.29	 -183.17	 -181.75	 -179.84	 -172.63	 -169.02	 -168.04	 -163.18	 -161.59	 -156.98	 -153.03	 -146.45	 -137.21	 -131.12	  -99.71	 -340.17	  198.27	  270.34	  225.39	  176.51	  145.67	  122.23	  105.42	   91.69	   79.17	   68.14	   58.48	   48.74	   40.53	   32.61	   24.92	   17.71	   11.42	    5.69	   -0.04	   -4.81	  -10.29	  -15.96	  -99.71	  277.02	  277.63	  277.63	  276.76	  276.29	  276.87	  276.56	  277.06	  276.36	  276.88	  276.58	  275.58	  274.11	  271.51	  268.53	  263.37	  256.43	  246.66	  238.90	  227.96	  212.30	  198.72	  189.91	  178.48	  169.02	  159.30	  151.98	  149.22	  147.18	  146.77	  146.62	  150.97	  153.47	  157.76	  167.07	  174.19	  182.29	  189.91	  204.70	  221.21	  233.84	  248.42	  256.57	  262.85	  267.78	  273.26	  275.72	  279.07	  -22.75	   15.25	   15.60	   12.05	    5.98	  -14.46	   -5.15	  -20.11	  -22.82	  -24.13	  -24.06	   15.14	    0.16	    0.09	    0.07	    0.01
      63	 15:57:42	  16.000	  126.43	 1014.16	   23.56	  869.78	   1.191	 -322.09	 -146.01	 -170.69	 -167.68	 -174.78	 -164.19	 -158.24	 -161.67	 -161.44	 -161.24	 -151.58	 -159.47	 -160.23	 -160.80	 -156.07	 -154.48	 -156.02	 -153.08	 -153.35	 -151.55	 -150.64	 -146.13	 -139.53	 -135.19	 -104.64	 -321.46	  204.54	  267.41	  222.20	  174.21	  143.92	  120.35	  103.68	   90.02	   77.49	   66.37	   56.72	   46.80	   38.46	   30.30	   22.44	   14.99	    8.41	    2.35	   -3.67	   -8.77	  -14.64	  -21.22	 -104.64	  273.98	  274.76	  274.81	  273.74	  273.39	  273.94	  273.46	  274.22	  273.42	  274.08	  273.47	  272.25	  270.72	  268.08	  264.87	  259.22	  251.86	  241.60	  234.13	  222.86	  206.46	  191.10	  179.93	  167.28	  156.62	  147.99	  141.40	  138.89	  137.02	  137.82	  137.91	  143.90	  151.89	  155.77	  166.99	  174.29	  181.64	  188.34	  204.82	  222.13	  235.38	  249.18	  257.72	  263.61	  268.07	  272.51	  273.13	  275.05	  -22.17	   14.29	   14.72	   10.95	    4.82	  -16.15	   -5.89	  -22.57	  -25.98	  -25.12	  -24.26	   14.05	    0.15	    0.06	   -0.05	   -0.36
      64	 15:57:55	  15.500	  127.36	 1014.23	   23.57	  869.92	   1.191	 -335.23	 -165.79	 -196.08	 -194.58	 -202.19	 -190.32	 -185.88	 -189.54	 -189.01	 -186.98	 -176.59	 -181.61	 -181.11	 -179.78	 -172.39	 -168.19	 -167.05	 -160.82	 -159.21	 -154.57	 -151.64	 -145.85	 -137.83	 -132.52	  -99.12	 -334.86	  199.65	  270.05	  225.54	  177.26	  146.23	  122.08	  105.88	   92.21	   79.72	   68.75	   59.11	   49.39	   41.22	   33.33	   25.65	   18.41	   12.16	    6.43	    0.77	   -4.03	   -9.50	  -15.53	  -99.12	  276.70	  277.21	  277.45	  276.54	  276.03	  276.57	  276.27	  276.82	  276.01	  276.59	  276.11	  274.58	  273.22	  271.02	  268.41	  263.30	  256.69	  246.87	  239.56	  228.74	  214.50	  200.86	  190.37	  177.97	  167.61	  158.09	  150.27	  146.55	  144.63	  144.36	  144.33	  148.64	  152.51	  156.98	  164.71	  172.09	  180.10	  187.34	  203.24	  220.71	  233.24	  248.35	  256.63	  262.09	  267.54	  274.05	  276.18	  278.10	  -22.98	   14.74	   14.85	   10.99	    5.47	  -14.27	   -4.65	  -21.42	  -23.94	  -25.12	  -23.25	   14.69	   -0.03	    0.08	    0.05	   -0.00
      65	 15:58:09	  15.000	  129.40	 1014.19	   23.57	  870.12	   1.191	 -354.34	 -208.81	 -262.51	 -261.38	 -262.08	 -244.67	 -239.20	 -239.20	 -234.59	 -227.16	 -211.51	 -210.89	 -204.27	 -196.41	 -183.43	 -173.81	 -167.33	 -157.77	 -152.41	 -144.88	 -139.86	 -132.23	 -122.44	 -116.16	  -85.01	 -353.31	  185.98	  272.87	  231.43	  183.31	  151.18	  126.89	  110.34	   96.55	   84.04	   73.16	   63.65	   53.89	   46.12	   38.42	   31.06	   24.19	   18.33	   13.03	    7.88	    3.61	   -1.20	   -6.61	  -85.01	  279.10	  279.61	  279.64	  278.66	  278.55	  279.10	  278.52	  279.22	  278.40	  278.99	  278.96	  278.17	  277.11	  275.16	  273.12	  268.36	  262.77	  253.42	  246.49	  235.88	  221.75	  208.84	  199.83	  188.31	  178.30	  170.11	  162.42	  158.25	  155.72	  155.01	  153.34	  157.07	  160.96	  163.74	  170.97	  176.57	  182.68	  189.12	  203.12	  220.05	  231.56	  246.21	  253.83	  259.96	  265.76	  271.44	  274.90	  279.87	  -20.71	   15.50	   15.56	   11.65	    6.07	  -12.06	   -3.31	  -18.15	  -21.15	  -22.93	  -22.47	   15.65	   -0.01	    0.08	    0.02	    0.01
      66	 15:58:24	  14.500	  127.66	 1014.16	   23.57	  870.00	   1.191	 -417.30	 -278.60	 -356.79	 -355.33	 -340.63	 -316.37	 -299.38	 -289.44	 -272.62	 -255.72	 -229.70	 -220.21	 -206.20	 -193.00	 -174.88	 -161.96	 -152.42	 -140.62	 -132.40	 -122.94	 -116.36	 -106.81	  -96.72	  -90.81	  -67.88	 -416.74	  158.77	  268.98	  233.65	  186.49	  153.83	  130.50	  113.38	   99.69	   87.36	   76.75	   67.49	   58.18	   50.71	   43.35	   36.54	   30.09	   24.72	   20.00	   15.44	   11.87	    7.86	    3.30	  -67.88	  274.84	  275.53	  275.64	  274.57	  274.08	  274.84	  274.34	  275.05	  274.26	  274.97	  274.71	  274.02	  273.40	  272.12	  270.79	  267.74	  263.18	  255.56	  250.33	  241.10	  228.28	  215.09	  205.91	  194.23	  184.87	  175.79	  168.35	  164.25	  160.53	  160.14	  159.30	  161.72	  165.17	  167.55	  173.12	  179.11	  184.97	  190.18	  201.38	  216.38	  227.30	  242.70	  251.77	  258.82	  265.11	  271.38	  274.23	  278.18	  -13.47	   16.16	   16.39	   12.83	    7.46	   -8.48	   -1.16	  -13.68	  -15.70	  -18.08	  -15.36	   16.41	   -0.33	    0.08	    0.02	   -0.02
      67	 15:58:38	  14.000	  130.26	 1014.19	   23.58	  869.81	   1.191	-1089.76	 -822.24	-1083.12	 -571.29	 -427.43	 -339.20	 -274.31	 -223.83	 -180.77	 -142.42	 -106.70	  -98.56	  -89.07	  -84.67	  -78.10	  -77.44	  -79.45	  -78.64	  -79.62	  -79.82	  -80.57	  -80.19	  -78.35	  -80.07	  -66.12	-1090.57	  -28.27	  258.36	  251.57	  204.98	  168.89	  142.60	  124.18	  109.01	   95.53	   83.99	   73.94	   63.92	   55.88	   47.90	   40.54	   33.48	   27.63	   22.29	   17.15	   12.87	    8.14	    2.99	  -66.12	  274.47	  275.32	  275.19	  274.26	  273.96	  274.45	  274.12	  274.85	  273.98	  274.69	  274.56	  274.08	  274.08	  273.96	  274.77	  274.22	  273.74	  271.15	  269.28	  260.69	  242.33	  219.58	  202.73	  189.97	  188.55	  201.13	  217.83	  237.68	  253.90	  265.39	  270.01	  274.36	  275.30	  270.98	  274.53	  275.59	  275.77	  274.81	  274.59	  275.75	  273.95	  275.92	  274.64	  274.19	  274.03	  276.32	  275.10	  275.74	    8.87	   17.13	   18.23	   16.91	   14.79	    3.44	    8.20	    2.53	    3.31	    4.79	    8.87	   17.52	   -1.29	    0.09	    0.01	   -0.08
      68	 15:58:51	  13.500	  128.79	 1014.20	   23.59	  870.06	   1.191	-1149.00	 -906.25	-1134.15	 -550.37	 -445.81	 -358.57	 -295.12	 -246.99	 -202.70	 -162.82	 -120.26	 -104.06	  -87.91	  -80.31	  -71.21	  -69.18	  -71.02	  -70.88	  -71.72	  -71.23	  -72.51	  -71.37	  -68.87	  -71.28	  -57.80	-1149.38	  -38.03	  256.60	  249.63	  202.85	  166.72	  141.35	  122.82	  108.00	   94.85	   83.62	   73.96	   64.24	   56.55	   48.94	   41.98	   35.31	   29.82	   24.93	   20.14	   16.24	   11.91	    7.42	  -57.80	  272.50	  273.42	  273.28	  272.30	  272.02	  272.44	  272.11	  272.84	  272.04	  272.71	  272.64	  272.21	  272.16	  272.12	  272.77	  272.25	  272.28	  270.14	  270.33	  264.36	  250.62	  230.69	  212.24	  193.67	  185.58	  190.69	  203.77	  223.98	  242.40	  257.25	  265.31	  271.46	  271.71	  268.85	  270.94	  271.89	  271.90	  271.05	  270.79	  272.06	  270.24	  272.14	  271.26	  270.44	  270.41	  272.34	  271.36	  272.12	    9.61	   17.45	   18.35	   16.95	   15.33	    6.86	    9.08	    7.31	   10.06	    9.82	   10.81	   17.88	   -0.15	    0.07	    0.03	    0.05
      69	 15:59:09	  13.000	  130.74	 1014.23	   23.61	  870.12	   1.191	-1217.89	 -966.11	-1157.76	 -576.83	 -474.90	 -388.45	 -324.69	 -279.85	 -237.05	 -198.84	 -156.88	 -133.27	 -109.24	  -88.89	  -71.51	  -64.25	  -63.18	  -61.69	  -61.73	  -60.22	  -61.27	  -59.66	  -56.85	  -58.33	  -46.84	-1219.54	  -45.00	  260.46	  252.73	  204.81	  168.59	  142.39	  123.96	  109.15	   96.07	   84.95	   75.47	   65.86	   58.50	   51.17	   44.51	   38.19	   32.99	   28.52	   24.22	   20.78	   16.98	   12.91	  -46.84	  276.53	  277.23	  277.26	  276.23	  275.84	  276.44	  276.07	  276.66	  275.85	  276.61	  276.82	  276.01	  275.97	  275.78	  276.75	  276.24	  276.05	  274.73	  276.01	  273.34	  263.65	  245.70	  228.03	  205.53	  191.53	  190.17	  199.75	  218.99	  239.95	  257.89	  267.48	  274.57	  277.56	  274.67	  277.25	  278.42	  278.34	  277.63	  277.38	  278.58	  276.68	  278.91	  277.50	  276.68	  276.76	  279.03	  277.84	  278.54	   10.43	   18.08	   18.89	   17.42	   16.22	    9.41	   11.58	   10.30	   13.16	   11.88	   12.01	   18.58	    0.06	    0.07	    0.07	    0.04
      70	 15:59:45	  12.000	  128.39	 1014.21	   23.62	  870.04	   1.191	-1344.06	 -955.69	-1104.00	 -589.79	 -492.14	 -408.93	 -349.50	 -309.31	 -273.41	 -241.06	 -205.51	 -186.75	 -162.32	 -139.55	 -110.55	  -90.65	  -72.16	  -57.70	  -48.68	  -42.34	  -39.57	  -36.35	  -30.11	  -31.29	  -21.45	-1346.54	  -35.36	  260.92	  248.20	  198.96	  161.93	  137.58	  119.45	  105.29	   92.96	   82.56	   73.78	   65.06	   58.40	   51.93	   46.16	   40.89	   36.67	   33.32	   30.21	   28.29	   25.95	   23.84	  -21.45	  274.70	  275.59	  275.46	  274.51	  274.26	  274.74	  274.35	  275.02	  274.37	  274.91	  274.88	  274.06	  274.29	  274.19	  275.00	  274.51	  274.40	  273.18	  274.94	  272.95	  264.26	  246.08	  227.57	  204.97	  191.24	  192.28	  205.82	  227.78	  249.90	  264.81	  270.71	  274.85	  273.69	  271.39	  272.83	  273.88	  273.73	  273.06	  272.81	  273.98	  272.08	  274.23	  273.09	  272.40	  272.35	  274.38	  273.26	  274.02	    9.44	   17.06	   17.78	   16.33	   15.27	   10.95	   12.63	   12.08	   12.92	   11.28	   11.21	   17.66	   -0.28	    0.10	   -0.02	   -0.18
      71	 15:59:59	  11.500	  131.27	 1014.19	   23.62	  869.61	   1.191	-1275.84	 -916.51	-1041.87	 -574.87	 -488.88	 -408.69	 -351.37	 -313.72	 -279.05	 -250.16	 -215.64	 -199.82	 -177.37	 -156.94	 -130.49	 -109.45	  -89.89	  -71.06	  -56.91	  -43.83	  -34.34	  -24.83	  -17.09	  -15.13	   -7.95	-1276.81	  -17.84	  262.74	  244.98	  194.95	  158.33	  134.49	  116.57	  102.84	   90.83	   80.79	   72.44	   64.00	   57.85	   51.75	   46.43	   41.69	   37.99	   35.16	   32.66	   31.45	   29.98	   28.81	   -7.95	  274.01	  274.90	  274.83	  273.84	  273.65	  274.04	  273.69	  274.41	  273.67	  274.29	  274.26	  273.33	  273.54	  273.56	  274.24	  273.97	  273.79	  272.42	  274.53	  274.34	  268.62	  254.83	  236.92	  213.97	  196.01	  192.36	  203.64	  225.48	  248.04	  264.02	  270.19	  274.24	  277.86	  274.07	  277.15	  278.13	  277.99	  277.35	  277.20	  278.52	  276.43	  278.48	  277.31	  276.62	  276.61	  278.77	  277.50	  278.50	    9.14	   16.82	   17.47	   15.97	   14.89	   11.12	   13.18	   11.83	   12.69	   10.87	   10.80	   17.44	   -0.50	    0.06	    0.05	    0.01
      72	 16:00:39	  10.500	  131.16	 1014.17	   23.65	  869.89	   1.190	-1274.25	 -725.59	 -838.88	 -564.79	 -456.22	 -392.84	 -341.66	 -307.12	 -276.86	 -250.89	 -217.55	 -204.72	 -184.27	 -165.79	 -141.70	 -120.03	 -100.47	  -80.78	  -64.36	  -48.05	  -34.81	  -20.45	   -9.28	   -3.55	    6.35	-1276.22	   48.23	  267.82	  236.80	  184.58	  148.26	  124.56	  108.24	   95.21	   84.00	   74.67	   66.91	   59.08	   53.69	   48.22	   43.62	   39.53	   36.60	   34.62	   32.93	   32.65	   32.25	   32.46	    6.35	  274.98	  275.60	  275.57	  274.30	  274.36	  274.75	  274.31	  274.99	  274.29	  274.99	  274.88	  274.17	  274.30	  274.11	  275.04	  274.53	  274.28	  273.19	  275.51	  276.33	  274.46	  267.87	  255.19	  233.20	  211.20	  198.23	  204.93	  226.29	  250.06	  266.53	  271.96	  275.40	  275.10	  272.64	  274.09	  275.11	  275.02	  274.18	  273.97	  275.29	  273.34	  274.76	  274.26	  273.54	  273.46	  274.90	  274.53	  275.30	    8.97	   16.40	   17.03	   15.52	   14.55	   12.08	   14.36	   12.36	   12.28	   10.53	   10.55	   17.04	   -0.86	    0.05	    0.04	   -0.02
      73	 16:01:37	  10.000	  128.68	 1014.15	   23.68	  870.19	   1.190	-1176.08	 -669.46	 -754.04	 -689.86	 -430.44	 -376.71	 -330.39	 -298.56	 -268.85	 -243.42	 -213.57	 -201.80	 -181.74	 -164.19	 -142.11	 -120.22	 -100.67	  -81.48	  -64.71	  -47.96	  -33.54	  -17.65	   -4.80	    2.25	   14.19	-1177.72	   77.81	  268.69	  232.33	  178.66	  143.77	  119.50	  104.88	   92.44	   81.74	   72.87	   65.50	   58.27	   53.09	   48.04	   43.79	   40.15	   37.57	   35.96	   34.66	   34.80	   34.93	   35.52	   14.19	  274.54	  275.09	  275.12	  274.09	  273.87	  274.42	  273.91	  274.45	  273.94	  274.51	  274.63	  273.71	  273.86	  273.90	  274.69	  274.23	  273.79	  272.70	  274.96	  274.98	  267.68	  248.80	  227.49	  206.18	  204.68	  223.75	  247.12	  265.42	  273.33	  274.30	  273.27	  275.12	  273.45	  270.28	  272.30	  273.36	  273.31	  272.54	  272.46	  273.62	  271.65	  272.94	  272.55	  272.01	  271.80	  273.11	  272.89	  273.62	    9.80	   17.26	   17.88	   16.41	   15.42	   13.59	   14.75	   14.33	   12.96	   11.31	   11.37	   17.93	    0.60	    0.13	    0.02	   -0.08
