xflr5 v6.61
SD6060-104-88_180
T1_Re0.215_M0.00_N9.0
Alpha =  -4.0,  Re =   215000,  Ma = 0.0000,  ACrit = 9.0 

   x        Cpi      Cpv        Qi        Qv
 0.9998    0.256     0.196     0.863     0.897
 0.9947    0.253     0.181     0.865     0.905
 0.9852    0.230     0.158     0.877     0.918
 0.9740    0.207     0.122     0.891     0.937
 0.9620    0.187     0.070     0.902     0.964
 0.9498    0.171     0.011     0.910     0.995
 0.9375    0.155    -0.040     0.919     1.020
 0.9251    0.139    -0.042     0.928     1.021
 0.9126    0.123    -0.045     0.936     1.022
 0.9001    0.109    -0.047     0.944     1.023
 0.8875    0.095    -0.048     0.952     1.024
 0.8749    0.081    -0.050     0.959     1.025
 0.8623    0.068    -0.052     0.966     1.026
 0.8497    0.055    -0.054     0.972     1.027
 0.8371    0.042    -0.056     0.979     1.028
 0.8245    0.029    -0.059     0.985     1.029
 0.8119    0.017    -0.061     0.992     1.030
 0.7993    0.005    -0.064     0.997     1.031
 0.7867   -0.006    -0.067     1.003     1.033
 0.7741   -0.017    -0.070     1.009     1.034
 0.7615   -0.028    -0.074     1.014     1.036
 0.7490   -0.039    -0.078     1.019     1.038
 0.7364   -0.049    -0.082     1.024     1.040
 0.7238   -0.059    -0.087     1.029     1.043
 0.7113   -0.069    -0.093     1.034     1.045
 0.6987   -0.078    -0.099     1.038     1.048
 0.6862   -0.087    -0.105     1.043     1.051
 0.6737   -0.096    -0.112     1.047     1.054
 0.6611   -0.104    -0.119     1.051     1.058
 0.6486   -0.112    -0.127     1.055     1.062
 0.6360   -0.120    -0.135     1.058     1.065
 0.6235   -0.128    -0.143     1.062     1.069
 0.6109   -0.135    -0.151     1.065     1.073
 0.5984   -0.143    -0.159     1.069     1.077
 0.5858   -0.150    -0.168     1.073     1.081
 0.5733   -0.158    -0.176     1.076     1.084
 0.5608   -0.166    -0.184     1.080     1.088
 0.5483   -0.174    -0.192     1.084     1.092
 0.5358   -0.182    -0.199     1.087     1.095
 0.5233   -0.188    -0.206     1.090     1.098
 0.5108   -0.194    -0.212     1.092     1.101
 0.4983   -0.198    -0.217     1.095     1.103
 0.4859   -0.202    -0.221     1.096     1.105
 0.4734   -0.205    -0.225     1.098     1.107
 0.4609   -0.207    -0.228     1.099     1.108
 0.4484   -0.209    -0.230     1.099     1.109
 0.4360   -0.209    -0.232     1.100     1.110
 0.4235   -0.209    -0.232     1.100     1.110
 0.4110   -0.209    -0.232     1.099     1.110
 0.3985   -0.207    -0.232     1.099     1.110
 0.3860   -0.205    -0.231     1.098     1.109
 0.3735   -0.203    -0.229     1.097     1.108
 0.3611   -0.200    -0.226     1.095     1.107
 0.3486   -0.196    -0.223     1.094     1.106
 0.3361   -0.192    -0.220     1.092     1.104
 0.3237   -0.187    -0.216     1.090     1.103
 0.3112   -0.182    -0.211     1.087     1.100
 0.2987   -0.176    -0.206     1.084     1.098
 0.2863   -0.169    -0.200     1.081     1.095
 0.2739   -0.162    -0.193     1.078     1.092
 0.2615   -0.155    -0.186     1.075     1.089
 0.2491   -0.146    -0.178     1.071     1.086
 0.2368   -0.137    -0.170     1.066     1.081
 0.2244   -0.126    -0.160     1.061     1.077
 0.2121   -0.114    -0.148     1.056     1.072
 0.1999   -0.101    -0.136     1.049     1.066
 0.1877   -0.086    -0.122     1.042     1.059
 0.1755   -0.069    -0.106     1.034     1.052
 0.1634   -0.051    -0.088     1.025     1.043
 0.1513   -0.030    -0.068     1.015     1.033
 0.1394   -0.006    -0.045     1.003     1.022
 0.1275    0.021    -0.019     0.989     1.009
 0.1157    0.052     0.011     0.974     0.995
 0.1041    0.088     0.046     0.955     0.977
 0.0926    0.130     0.086     0.933     0.956
 0.0814    0.179     0.134     0.906     0.931
 0.0703    0.237     0.190     0.873     0.900
 0.0597    0.306     0.258     0.833     0.861
 0.0494    0.389     0.339     0.782     0.813
 0.0396    0.487     0.437     0.716     0.750
 0.0306    0.597     0.547     0.635     0.673
 0.0229    0.714     0.666     0.535     0.578
 0.0167    0.833     0.791     0.409     0.458
 0.0117    0.932     0.899     0.262     0.317
 0.0080    0.989     0.971     0.106     0.170
 0.0052    0.995     1.000    -0.071     0.007
 0.0033    0.920     0.963    -0.283    -0.193
 0.0019    0.731     0.830    -0.519    -0.413
 0.0009    0.390     0.562    -0.781    -0.662
 0.0002   -0.204     0.091    -1.097    -0.953
-0.0001   -1.158    -0.676    -1.469    -1.295
-0.0001   -2.526    -1.745    -1.878    -1.657
 0.0002   -3.536    -2.563    -2.130    -1.888
 0.0009   -3.469    -2.614    -2.114    -1.901
 0.0020   -2.986    -2.332    -1.996    -1.825
 0.0036   -2.389    -2.049    -1.841    -1.746
 0.0059   -2.004    -1.827    -1.733    -1.681
 0.0091   -1.867    -1.641    -1.693    -1.625
 0.0136   -1.668    -1.487    -1.633    -1.577
 0.0187   -1.490    -1.379    -1.578    -1.542
 0.0248   -1.343    -1.294    -1.531    -1.515
 0.0330   -1.197    -1.217    -1.482    -1.489
 0.0437   -1.068    -1.146    -1.438    -1.465
 0.0548   -0.962    -1.086    -1.401    -1.444
 0.0658   -0.886    -0.866    -1.373    -1.366
 0.0774   -0.819    -0.702    -1.349    -1.304
 0.0895   -0.763    -0.646    -1.328    -1.283
 0.1017   -0.714    -0.617    -1.309    -1.272
 0.1140   -0.673    -0.593    -1.293    -1.262
 0.1263   -0.638    -0.570    -1.280    -1.253
 0.1386   -0.606    -0.547    -1.267    -1.244
 0.1511   -0.579    -0.526    -1.256    -1.235
 0.1636   -0.554    -0.505    -1.247    -1.227
 0.1761   -0.531    -0.486    -1.237    -1.219
 0.1886   -0.510    -0.468    -1.229    -1.212
 0.2012   -0.491    -0.451    -1.221    -1.205
 0.2138   -0.473    -0.435    -1.214    -1.198
 0.2264   -0.457    -0.420    -1.207    -1.192
 0.2390   -0.443    -0.406    -1.201    -1.186
 0.2516   -0.429    -0.393    -1.195    -1.180
 0.2643   -0.416    -0.382    -1.190    -1.175
 0.2769   -0.404    -0.370    -1.185    -1.171
 0.2896   -0.393    -0.359    -1.180    -1.166
 0.3023   -0.382    -0.349    -1.175    -1.161
 0.3149   -0.371    -0.339    -1.171    -1.157
 0.3276   -0.361    -0.330    -1.167    -1.153
 0.3403   -0.352    -0.321    -1.163    -1.149
 0.3530   -0.343    -0.312    -1.159    -1.146
 0.3656   -0.334    -0.304    -1.155    -1.142
 0.3783   -0.326    -0.296    -1.152    -1.138
 0.3910   -0.318    -0.288    -1.148    -1.135
 0.4037   -0.310    -0.281    -1.144    -1.132
 0.4164   -0.302    -0.273    -1.141    -1.128
 0.4291   -0.295    -0.266    -1.138    -1.125
 0.4418   -0.287    -0.259    -1.135    -1.122
 0.4545   -0.280    -0.252    -1.132    -1.119
 0.4671   -0.273    -0.245    -1.128    -1.116
 0.4798   -0.266    -0.238    -1.125    -1.113
 0.4925   -0.258    -0.231    -1.122    -1.109
 0.5052   -0.251    -0.224    -1.118    -1.106
 0.5179   -0.244    -0.216    -1.115    -1.103
 0.5306   -0.236    -0.209    -1.112    -1.100
 0.5433   -0.229    -0.202    -1.109    -1.096
 0.5559   -0.222    -0.195    -1.106    -1.093
 0.5686   -0.215    -0.188    -1.102    -1.090
 0.5813   -0.207    -0.180    -1.099    -1.086
 0.5939   -0.199    -0.172    -1.095    -1.083
 0.6066   -0.191    -0.164    -1.091    -1.079
 0.6193   -0.183    -0.156    -1.087    -1.075
 0.6320   -0.174    -0.147    -1.084    -1.071
 0.6446   -0.165    -0.139    -1.080    -1.067
 0.6573   -0.156    -0.130    -1.075    -1.063
 0.6700   -0.147    -0.121    -1.071    -1.059
 0.6827   -0.138    -0.111    -1.067    -1.054
 0.6953   -0.128    -0.102    -1.062    -1.050
 0.7080   -0.117    -0.092    -1.057    -1.045
 0.7207   -0.107    -0.082    -1.052    -1.040
 0.7334   -0.096    -0.071    -1.047    -1.035
 0.7461   -0.085    -0.060    -1.041    -1.030
 0.7588   -0.073    -0.050    -1.036    -1.025
 0.7715   -0.062    -0.039    -1.031    -1.019
 0.7843   -0.051    -0.028    -1.025    -1.014
 0.7970   -0.040    -0.017    -1.020    -1.008
 0.8097   -0.028    -0.006    -1.014    -1.003
 0.8225   -0.016     0.006    -1.008    -0.997
 0.8352   -0.004     0.017    -1.002    -0.991
 0.8480    0.009     0.029    -0.996    -0.985
 0.8607    0.023     0.042    -0.989    -0.979
 0.8735    0.037     0.054    -0.981    -0.972
 0.8862    0.052     0.067    -0.974    -0.966
 0.8989    0.067     0.080    -0.966    -0.959
 0.9115    0.083     0.093    -0.958    -0.952
 0.9242    0.099     0.107    -0.949    -0.945
 0.9368    0.118     0.120    -0.939    -0.938
 0.9493    0.137     0.134    -0.929    -0.931
 0.9616    0.158     0.147    -0.917    -0.924
 0.9737    0.181     0.160    -0.905    -0.917
 0.9850    0.209     0.172    -0.890    -0.910
 0.9947    0.241     0.183    -0.871    -0.904
 0.9998    0.256     0.196    -0.863    -0.897


