xflr5 v6.61
SD6060-104-88_180
T1_Re0.215_M0.00_N9.0
Alpha =   7.0,  Re =   215000,  Ma = 0.0000,  ACrit = 9.0 

   x        Cpi      Cpv        Qi        Qv
 0.9998    0.271     0.149     0.854     0.922
 0.9947    0.249     0.142     0.867     0.926
 0.9852    0.214     0.134     0.887     0.931
 0.9740    0.178     0.123     0.907     0.937
 0.9620    0.147     0.110     0.924     0.943
 0.9498    0.121     0.096     0.938     0.951
 0.9375    0.095     0.082     0.951     0.958
 0.9251    0.068     0.066     0.965     0.966
 0.9126    0.043     0.050     0.978     0.975
 0.9001    0.019     0.033     0.990     0.983
 0.8875   -0.004     0.016     1.002     0.992
 0.8749   -0.027    -0.003     1.014     1.001
 0.8623   -0.050    -0.021     1.025     1.011
 0.8497   -0.073    -0.040     1.036     1.020
 0.8371   -0.096    -0.060     1.047     1.029
 0.8245   -0.118    -0.079     1.057     1.039
 0.8119   -0.140    -0.099     1.068     1.048
 0.7993   -0.162    -0.119     1.078     1.058
 0.7867   -0.184    -0.140     1.088     1.067
 0.7741   -0.205    -0.160     1.098     1.077
 0.7615   -0.226    -0.180     1.107     1.086
 0.7490   -0.248    -0.200     1.117     1.096
 0.7364   -0.269    -0.221     1.126     1.105
 0.7238   -0.290    -0.241     1.136     1.114
 0.7113   -0.311    -0.262     1.145     1.123
 0.6987   -0.332    -0.282     1.154     1.132
 0.6862   -0.353    -0.302     1.163     1.141
 0.6737   -0.373    -0.323     1.172     1.150
 0.6611   -0.393    -0.343     1.180     1.159
 0.6486   -0.414    -0.363     1.189     1.167
 0.6360   -0.434    -0.383     1.197     1.176
 0.6235   -0.454    -0.403     1.206     1.185
 0.6109   -0.475    -0.424     1.215     1.193
 0.5984   -0.496    -0.445     1.223     1.202
 0.5858   -0.518    -0.466     1.232     1.211
 0.5733   -0.541    -0.487     1.241     1.220
 0.5608   -0.564    -0.509     1.251     1.228
 0.5483   -0.587    -0.531     1.260     1.237
 0.5358   -0.611    -0.553     1.269     1.246
 0.5233   -0.633    -0.575     1.278     1.255
 0.5108   -0.655    -0.595     1.286     1.263
 0.4983   -0.677    -0.616     1.295     1.271
 0.4859   -0.697    -0.636     1.303     1.279
 0.4734   -0.718    -0.655     1.311     1.287
 0.4609   -0.737    -0.674     1.318     1.294
 0.4484   -0.757    -0.693     1.325     1.301
 0.4360   -0.776    -0.711     1.333     1.308
 0.4235   -0.794    -0.728     1.340     1.315
 0.4110   -0.813    -0.746     1.347     1.321
 0.3985   -0.832    -0.763     1.353     1.328
 0.3860   -0.850    -0.780     1.360     1.334
 0.3735   -0.869    -0.797     1.367     1.340
 0.3611   -0.888    -0.813     1.374     1.347
 0.3486   -0.907    -0.830     1.381     1.353
 0.3361   -0.927    -0.846     1.388     1.359
 0.3237   -0.946    -0.863     1.395     1.365
 0.3112   -0.967    -0.880     1.402     1.371
 0.2987   -0.988    -0.897     1.410     1.377
 0.2863   -1.010    -0.915     1.418     1.384
 0.2739   -1.034    -0.937     1.426     1.392
 0.2615   -1.058    -0.967     1.435     1.402
 0.2491   -1.084    -1.011     1.444     1.418
 0.2368   -1.111    -1.072     1.453     1.439
 0.2244   -1.139    -1.141     1.462     1.463
 0.2121   -1.168    -1.171     1.472     1.474
 0.1999   -1.199    -1.193     1.483     1.481
 0.1877   -1.232    -1.218     1.494     1.489
 0.1755   -1.266    -1.244     1.505     1.498
 0.1634   -1.304    -1.273     1.518     1.508
 0.1513   -1.344    -1.305     1.531     1.518
 0.1394   -1.387    -1.340     1.545     1.530
 0.1275   -1.434    -1.378     1.560     1.542
 0.1157   -1.486    -1.420     1.577     1.555
 0.1041   -1.542    -1.466     1.594     1.570
 0.0926   -1.606    -1.518     1.614     1.587
 0.0814   -1.674    -1.575     1.635     1.605
 0.0703   -1.751    -1.639     1.659     1.625
 0.0597   -1.835    -1.711     1.684     1.646
 0.0494   -1.928    -1.792     1.711     1.671
 0.0396   -2.034    -1.884     1.742     1.698
 0.0306   -2.173    -1.991     1.781     1.730
 0.0229   -2.337    -2.103     1.827     1.762
 0.0167   -2.444    -2.214     1.856     1.793
 0.0117   -2.523    -2.366     1.877     1.835
 0.0080   -2.704    -2.567     1.924     1.889
 0.0052   -3.211    -2.800     2.052     1.949
 0.0033   -3.600    -3.006     2.145     2.002
 0.0019   -3.710    -3.090     2.170     2.022
 0.0009   -3.721    -3.114     2.173     2.028
 0.0002   -3.828    -3.142     2.197     2.035
-0.0001   -3.887    -3.101     2.211     2.025
-0.0001   -3.672    -2.764     2.162     1.940
 0.0002   -2.548    -1.765     1.884     1.663
 0.0009   -1.054    -0.571     1.433     1.253
 0.0020   -0.037     0.240     1.018     0.872
 0.0036    0.549     0.691     0.671     0.556
 0.0059    0.839     0.907     0.401     0.305
 0.0091    0.970     0.992     0.172     0.091
 0.0136    0.999     0.991    -0.026    -0.095
 0.0187    0.971     0.946    -0.170    -0.232
 0.0248    0.917     0.884    -0.288    -0.341
 0.0330    0.844     0.804    -0.395    -0.443
 0.0437    0.762     0.720    -0.488    -0.529
 0.0548    0.694     0.651    -0.553    -0.590
 0.0658    0.638     0.596    -0.602    -0.636
 0.0774    0.590     0.548    -0.641    -0.672
 0.0895    0.547     0.507    -0.673    -0.702
 0.1017    0.512     0.471    -0.699    -0.727
 0.1140    0.481     0.441    -0.721    -0.747
 0.1263    0.453     0.415    -0.739    -0.765
 0.1386    0.429     0.391    -0.756    -0.780
 0.1511    0.407     0.370    -0.770    -0.794
 0.1636    0.388     0.351    -0.782    -0.806
 0.1761    0.370     0.334    -0.794    -0.816
 0.1886    0.354     0.319    -0.804    -0.826
 0.2012    0.339     0.304    -0.813    -0.834
 0.2138    0.326     0.291    -0.821    -0.842
 0.2264    0.313     0.279    -0.829    -0.849
 0.2390    0.301     0.267    -0.836    -0.856
 0.2516    0.290     0.256    -0.843    -0.862
 0.2643    0.280     0.246    -0.849    -0.868
 0.2769    0.270     0.237    -0.854    -0.874
 0.2896    0.261     0.228    -0.860    -0.879
 0.3023    0.252     0.219    -0.865    -0.884
 0.3149    0.244     0.211    -0.870    -0.888
 0.3276    0.236     0.204    -0.874    -0.892
 0.3403    0.229     0.196    -0.878    -0.896
 0.3530    0.221     0.189    -0.882    -0.900
 0.3656    0.215     0.183    -0.886    -0.904
 0.3783    0.208     0.176    -0.890    -0.908
 0.3910    0.202     0.170    -0.893    -0.911
 0.4037    0.196     0.165    -0.897    -0.914
 0.4164    0.191     0.159    -0.900    -0.917
 0.4291    0.185     0.154    -0.903    -0.920
 0.4418    0.180     0.149    -0.906    -0.923
 0.4545    0.175     0.144    -0.908    -0.925
 0.4671    0.171     0.139    -0.911    -0.928
 0.4798    0.166     0.135    -0.913    -0.930
 0.4925    0.162     0.131    -0.915    -0.932
 0.5052    0.159     0.127    -0.917    -0.934
 0.5179    0.155     0.124    -0.919    -0.936
 0.5306    0.152     0.120    -0.921    -0.938
 0.5433    0.149     0.117    -0.923    -0.940
 0.5559    0.146     0.114    -0.924    -0.941
 0.5686    0.143     0.111    -0.926    -0.943
 0.5813    0.141     0.109    -0.927    -0.944
 0.5939    0.139     0.107    -0.928    -0.945
 0.6066    0.138     0.105    -0.929    -0.946
 0.6193    0.136     0.104    -0.929    -0.947
 0.6320    0.135     0.103    -0.930    -0.947
 0.6446    0.135     0.102    -0.930    -0.948
 0.6573    0.134     0.101    -0.930    -0.948
 0.6700    0.134     0.101    -0.930    -0.948
 0.6827    0.135     0.101    -0.930    -0.948
 0.6953    0.136     0.101    -0.930    -0.948
 0.7080    0.137     0.102    -0.929    -0.948
 0.7207    0.139     0.103    -0.928    -0.947
 0.7334    0.141     0.104    -0.927    -0.947
 0.7461    0.143     0.105    -0.926    -0.946
 0.7588    0.145     0.107    -0.925    -0.945
 0.7715    0.148     0.108    -0.923    -0.944
 0.7843    0.150     0.110    -0.922    -0.943
 0.7970    0.153     0.112    -0.920    -0.942
 0.8097    0.156     0.114    -0.919    -0.941
 0.8225    0.159     0.116    -0.917    -0.940
 0.8352    0.163     0.119    -0.915    -0.939
 0.8480    0.167     0.121    -0.913    -0.938
 0.8607    0.172     0.124    -0.910    -0.936
 0.8735    0.177     0.127    -0.907    -0.935
 0.8862    0.183     0.130    -0.904    -0.933
 0.8989    0.189     0.132    -0.900    -0.931
 0.9115    0.196     0.135    -0.897    -0.930
 0.9242    0.203     0.138    -0.893    -0.928
 0.9368    0.212     0.141    -0.888    -0.927
 0.9493    0.221     0.143    -0.883    -0.926
 0.9616    0.231     0.145    -0.877    -0.925
 0.9737    0.243     0.146    -0.870    -0.924
 0.9850    0.257     0.146    -0.862    -0.924
 0.9947    0.275     0.144    -0.852    -0.925
 0.9998    0.271     0.149    -0.854    -0.922


