  
       XFOIL         Version 6.94
  
 Calculated polar for: SD6060-104-88_180                               
  
 1 1 Reynolds number fixed          Mach number fixed         
  
 xtrf =   1.000 (top)        1.000 (bottom)  
 Mach =   0.000     Re =     1.000 e 6     Ncrit =   9.000
  
  alpha     CL        CD       CDp       CM    Top_Xtr Bot_Xtr
 ------- -------- --------- --------- -------- ------- -------
  -5.000  -0.3605   0.01064   0.00502  -0.0342  0.8465  0.0082
  -4.900  -0.3500   0.01049   0.00484  -0.0341  0.8430  0.0084
  -4.800  -0.3398   0.01030   0.00460  -0.0339  0.8398  0.0086
  -4.700  -0.3294   0.01014   0.00441  -0.0337  0.8368  0.0088
  -4.600  -0.3188   0.00998   0.00423  -0.0336  0.8333  0.0090
  -4.500  -0.3083   0.00983   0.00404  -0.0335  0.8299  0.0091
  -4.400  -0.2979   0.00967   0.00384  -0.0333  0.8267  0.0092
  -4.300  -0.2875   0.00950   0.00363  -0.0331  0.8236  0.0094
  -4.200  -0.2775   0.00918   0.00326  -0.0329  0.8201  0.0099
  -4.100  -0.2670   0.00901   0.00304  -0.0327  0.8166  0.0105
  -4.000  -0.2564   0.00888   0.00289  -0.0326  0.8135  0.0112
  -3.900  -0.2456   0.00877   0.00276  -0.0325  0.8103  0.0118
  -3.800  -0.2347   0.00867   0.00264  -0.0324  0.8068  0.0125
  -3.700  -0.2239   0.00859   0.00252  -0.0324  0.8034  0.0133
  -3.600  -0.2132   0.00847   0.00238  -0.0322  0.8003  0.0153
  -3.500  -0.2028   0.00828   0.00224  -0.0321  0.7969  0.0242
  -3.400  -0.1925   0.00807   0.00212  -0.0320  0.7933  0.0437
  -3.300  -0.1819   0.00794   0.00203  -0.0319  0.7899  0.0576
  -3.200  -0.1714   0.00782   0.00195  -0.0318  0.7868  0.0707
  -3.100  -0.1606   0.00771   0.00188  -0.0318  0.7832  0.0840
  -3.000  -0.1499   0.00760   0.00181  -0.0318  0.7797  0.0987
  -2.800  -0.1287   0.00737   0.00168  -0.0316  0.7732  0.1349
  -2.700  -0.1180   0.00723   0.00162  -0.0316  0.7695  0.1571
  -2.600  -0.1075   0.00709   0.00155  -0.0316  0.7660  0.1833
  -2.500  -0.0972   0.00694   0.00149  -0.0315  0.7627  0.2142
  -2.400  -0.0867   0.00678   0.00143  -0.0314  0.7593  0.2461
  -2.300  -0.0767   0.00655   0.00137  -0.0314  0.7556  0.2943
  -2.200  -0.0668   0.00634   0.00131  -0.0313  0.7521  0.3436
  -2.100  -0.0572   0.00607   0.00125  -0.0311  0.7490  0.4071
  -2.000  -0.0473   0.00584   0.00121  -0.0310  0.7453  0.4627
  -1.900  -0.0372   0.00567   0.00116  -0.0309  0.7416  0.5074
  -1.800  -0.0272   0.00551   0.00112  -0.0307  0.7383  0.5502
  -1.700  -0.0169   0.00538   0.00110  -0.0306  0.7349  0.5856
  -1.600  -0.0064   0.00527   0.00108  -0.0304  0.7312  0.6180
  -1.500   0.0040   0.00518   0.00106  -0.0303  0.7276  0.6471
  -1.400   0.0144   0.00511   0.00105  -0.0301  0.7243  0.6726
  -1.300   0.0251   0.00505   0.00104  -0.0300  0.7206  0.6944
  -1.200   0.0358   0.00500   0.00103  -0.0299  0.7168  0.7125
  -1.100   0.0466   0.00497   0.00102  -0.0298  0.7132  0.7266
  -1.000   0.0575   0.00495   0.00101  -0.0297  0.7097  0.7393
  -0.900   0.0684   0.00492   0.00101  -0.0296  0.7059  0.7529
  -0.800   0.0792   0.00490   0.00100  -0.0295  0.7022  0.7657
  -0.700   0.0900   0.00489   0.00100  -0.0294  0.6988  0.7768
  -0.600   0.1010   0.00487   0.00100  -0.0294  0.6951  0.7868
  -0.500   0.1120   0.00486   0.00100  -0.0293  0.6914  0.7961
  -0.400   0.1229   0.00486   0.00100  -0.0292  0.6879  0.8046
  -0.300   0.1338   0.00485   0.00099  -0.0291  0.6845  0.8127
  -0.200   0.1449   0.00485   0.00100  -0.0291  0.6807  0.8207
  -0.100   0.1557   0.00484   0.00100  -0.0290  0.6771  0.8280
   0.100   0.1776   0.00485   0.00101  -0.0288  0.6701  0.8429
   0.200   0.1885   0.00485   0.00102  -0.0287  0.6664  0.8499
   0.300   0.1993   0.00486   0.00102  -0.0286  0.6629  0.8565
   0.400   0.2102   0.00487   0.00103  -0.0285  0.6595  0.8627
   0.500   0.2211   0.00487   0.00104  -0.0284  0.6556  0.8687
   0.600   0.2320   0.00488   0.00105  -0.0284  0.6519  0.8746
   0.700   0.2427   0.00490   0.00106  -0.0282  0.6485  0.8800
   0.800   0.2537   0.00490   0.00107  -0.0281  0.6447  0.8861
   0.900   0.2643   0.00491   0.00108  -0.0280  0.6409  0.8912
   1.000   0.2750   0.00493   0.00109  -0.0278  0.6372  0.8970
   1.100   0.2856   0.00494   0.00111  -0.0277  0.6336  0.9021
   1.200   0.2963   0.00495   0.00113  -0.0275  0.6296  0.9074
   1.300   0.3069   0.00498   0.00114  -0.0274  0.6257  0.9125
   1.400   0.3173   0.00499   0.00116  -0.0272  0.6220  0.9169
   1.500   0.3280   0.00501   0.00117  -0.0270  0.6180  0.9218
   1.600   0.3385   0.00503   0.00119  -0.0268  0.6139  0.9262
   1.700   0.3488   0.00505   0.00120  -0.0266  0.6101  0.9305
   1.800   0.3593   0.00506   0.00122  -0.0264  0.6058  0.9351
   1.900   0.3697   0.00509   0.00124  -0.0262  0.6015  0.9391
   2.000   0.3800   0.00511   0.00125  -0.0260  0.5975  0.9429
   2.100   0.3904   0.00513   0.00127  -0.0258  0.5930  0.9473
   2.200   0.4008   0.00516   0.00129  -0.0256  0.5885  0.9510
   2.300   0.4115   0.00518   0.00131  -0.0255  0.5842  0.9544
   2.400   0.4221   0.00520   0.00133  -0.0253  0.5792  0.9582
   2.500   0.4324   0.00524   0.00134  -0.0251  0.5743  0.9622
   2.600   0.4443   0.00526   0.00136  -0.0253  0.5692  0.9647
   2.700   0.4560   0.00529   0.00138  -0.0254  0.5636  0.9674
   2.800   0.4674   0.00532   0.00141  -0.0255  0.5586  0.9706
   2.900   0.4785   0.00535   0.00143  -0.0254  0.5528  0.9740
   3.000   0.4918   0.00540   0.00145  -0.0259  0.5465  0.9756
   3.100   0.5052   0.00543   0.00148  -0.0264  0.5398  0.9773
   3.200   0.5184   0.00548   0.00150  -0.0269  0.5331  0.9791
   3.300   0.5314   0.00553   0.00153  -0.0274  0.5255  0.9811
   3.400   0.5444   0.00558   0.00156  -0.0278  0.5180  0.9831
   3.500   0.5567   0.00564   0.00160  -0.0281  0.5098  0.9853
   3.600   0.5710   0.00569   0.00163  -0.0289  0.5010  0.9862
   3.700   0.5853   0.00575   0.00167  -0.0296  0.4918  0.9869
   3.800   0.5995   0.00583   0.00171  -0.0304  0.4804  0.9878
   3.900   0.6134   0.00593   0.00175  -0.0311  0.4655  0.9887
   4.000   0.6271   0.00604   0.00180  -0.0318  0.4507  0.9897
   4.100   0.6406   0.00616   0.00186  -0.0324  0.4344  0.9909
   4.200   0.6538   0.00629   0.00192  -0.0330  0.4157  0.9922
   4.300   0.6666   0.00645   0.00200  -0.0335  0.3948  0.9935
   4.400   0.6794   0.00659   0.00207  -0.0340  0.3771  0.9948
   4.500   0.6929   0.00674   0.00214  -0.0347  0.3603  0.9957
   4.600   0.7065   0.00688   0.00221  -0.0354  0.3436  0.9967
   4.700   0.7200   0.00702   0.00229  -0.0360  0.3279  0.9978
   4.800   0.7333   0.00718   0.00238  -0.0367  0.3107  0.9988
   4.900   0.7467   0.00734   0.00246  -0.0374  0.2933  0.9997
   5.000   0.7559   0.00750   0.00255  -0.0371  0.2770  1.0000
   5.100   0.7634   0.00765   0.00265  -0.0365  0.2630  1.0000
   5.200   0.7712   0.00778   0.00273  -0.0360  0.2506  1.0000
   5.300   0.7789   0.00793   0.00282  -0.0354  0.2377  1.0000
   5.400   0.7866   0.00809   0.00292  -0.0349  0.2236  1.0000
   5.500   0.7945   0.00824   0.00302  -0.0343  0.2109  1.0000
   5.700   0.8109   0.00854   0.00321  -0.0334  0.1884  1.0000
   5.800   0.8194   0.00868   0.00331  -0.0330  0.1779  1.0000
   5.900   0.8278   0.00883   0.00342  -0.0326  0.1675  1.0000
   6.000   0.8361   0.00901   0.00353  -0.0321  0.1547  1.0000
   6.100   0.8443   0.00920   0.00366  -0.0317  0.1416  1.0000
   6.200   0.8530   0.00937   0.00378  -0.0313  0.1307  1.0000
   6.300   0.8618   0.00953   0.00391  -0.0310  0.1210  1.0000
   6.400   0.8706   0.00971   0.00404  -0.0307  0.1107  1.0000
   6.500   0.8793   0.00990   0.00418  -0.0303  0.1002  1.0000
   6.600   0.8879   0.01011   0.00432  -0.0300  0.0890  1.0000
   6.700   0.8967   0.01031   0.00447  -0.0297  0.0788  1.0000
   6.800   0.9047   0.01059   0.00466  -0.0293  0.0641  1.0000
   6.900   0.9132   0.01083   0.00484  -0.0289  0.0532  1.0000
   7.000   0.9207   0.01117   0.00508  -0.0284  0.0379  1.0000
   7.100   0.9283   0.01150   0.00533  -0.0279  0.0259  1.0000
   7.200   0.9370   0.01172   0.00553  -0.0276  0.0216  1.0000
   7.300   0.9460   0.01191   0.00571  -0.0273  0.0198  1.0000
   7.400   0.9550   0.01212   0.00591  -0.0270  0.0181  1.0000
   7.500   0.9640   0.01233   0.00613  -0.0267  0.0170  1.0000
   7.600   0.9733   0.01248   0.00631  -0.0265  0.0166  1.0000
   7.700   0.9827   0.01263   0.00649  -0.0262  0.0164  1.0000
   7.800   0.9920   0.01279   0.00667  -0.0260  0.0161  1.0000
   7.900   1.0012   0.01297   0.00687  -0.0257  0.0157  1.0000
   8.000   1.0103   0.01315   0.00707  -0.0254  0.0153  1.0000
   8.100   1.0193   0.01333   0.00727  -0.0252  0.0150  1.0000
   8.200   1.0283   0.01352   0.00748  -0.0249  0.0146  1.0000
   8.300   1.0372   0.01370   0.00768  -0.0246  0.0143  1.0000
   8.400   1.0458   0.01391   0.00791  -0.0243  0.0138  1.0000
   8.500   1.0542   0.01414   0.00815  -0.0240  0.0134  1.0000
   8.600   1.0622   0.01442   0.00846  -0.0235  0.0130  1.0000
   8.700   1.0697   0.01473   0.00880  -0.0230  0.0126  1.0000
   8.800   1.0757   0.01518   0.00930  -0.0223  0.0120  1.0000
   8.900   1.0828   0.01552   0.00968  -0.0218  0.0118  1.0000
   9.000   1.0915   0.01569   0.00987  -0.0215  0.0117  1.0000
   9.100   1.1000   0.01588   0.01010  -0.0211  0.0116  1.0000
   9.200   1.1084   0.01607   0.01031  -0.0208  0.0114  1.0000
   9.300   1.1165   0.01629   0.01055  -0.0204  0.0112  1.0000
   9.400   1.1249   0.01648   0.01076  -0.0201  0.0110  1.0000
   9.500   1.1328   0.01670   0.01100  -0.0197  0.0108  1.0000
   9.600   1.1404   0.01695   0.01127  -0.0193  0.0105  1.0000
   9.700   1.1482   0.01717   0.01151  -0.0189  0.0102  1.0000
   9.800   1.1556   0.01741   0.01178  -0.0184  0.0099  1.0000
   9.900   1.1637   0.01760   0.01197  -0.0181  0.0096  1.0000
  10.000   1.1705   0.01788   0.01227  -0.0176  0.0094  1.0000
  10.100   1.1771   0.01816   0.01257  -0.0170  0.0091  1.0000
  10.200   1.1827   0.01852   0.01294  -0.0164  0.0088  1.0000
  10.300   1.1842   0.01917   0.01364  -0.0151  0.0085  1.0000
  10.400   1.1789   0.02015   0.01472  -0.0128  0.0081  1.0000
  10.500   1.1853   0.02034   0.01492  -0.0122  0.0080  1.0000
  10.600   1.1934   0.02042   0.01502  -0.0118  0.0080  1.0000
  10.700   1.2008   0.02054   0.01517  -0.0113  0.0078  1.0000
  10.800   1.2064   0.02077   0.01543  -0.0106  0.0077  1.0000
  10.900   1.2131   0.02094   0.01562  -0.0101  0.0075  1.0000
  11.000   1.2180   0.02122   0.01593  -0.0093  0.0073  1.0000
  11.100   1.2236   0.02147   0.01619  -0.0087  0.0071  1.0000
  11.200   1.2281   0.02179   0.01654  -0.0079  0.0069  1.0000
  11.300   1.2316   0.02218   0.01696  -0.0070  0.0068  1.0000
  11.400   1.2365   0.02248   0.01729  -0.0064  0.0066  1.0000
  11.500   1.2413   0.02280   0.01763  -0.0057  0.0065  1.0000
  11.600   1.2477   0.02300   0.01783  -0.0053  0.0063  1.0000
  11.700   1.2535   0.02325   0.01810  -0.0049  0.0061  1.0000
  11.800   1.2567   0.02369   0.01856  -0.0041  0.0060  1.0000
  11.900   1.2602   0.02411   0.01898  -0.0035  0.0058  1.0000
  12.000   1.2604   0.02478   0.01970  -0.0025  0.0057  1.0000
  12.100   1.2537   0.02599   0.02098  -0.0009  0.0055  1.0000
  12.200   1.2511   0.02694   0.02200   0.0001  0.0053  1.0000
  12.300   1.2545   0.02744   0.02254   0.0007  0.0053  1.0000
  12.400   1.2624   0.02758   0.02270   0.0009  0.0052  1.0000
  12.500   1.2676   0.02794   0.02309   0.0012  0.0051  1.0000
  12.600   1.2712   0.02842   0.02360   0.0017  0.0051  1.0000
  12.700   1.2777   0.02869   0.02390   0.0019  0.0049  1.0000
  12.800   1.2784   0.02945   0.02470   0.0025  0.0048  1.0000
  12.900   1.2814   0.03002   0.02531   0.0029  0.0048  1.0000
  13.000   1.2893   0.03016   0.02547   0.0030  0.0046  1.0000
  13.100   1.2907   0.03088   0.02624   0.0035  0.0046  1.0000
  13.200   1.2962   0.03124   0.02661   0.0037  0.0044  1.0000
  13.300   1.2984   0.03191   0.02732   0.0040  0.0043  1.0000
  13.400   1.2996   0.03269   0.02814   0.0044  0.0043  1.0000
  13.500   1.3075   0.03285   0.02830   0.0044  0.0042  1.0000
  13.600   1.3090   0.03361   0.02909   0.0047  0.0041  1.0000
  13.700   1.3116   0.03428   0.02980   0.0050  0.0040  1.0000
  13.800   1.3144   0.03496   0.03049   0.0052  0.0039  1.0000
  13.900   1.3168   0.03565   0.03122   0.0054  0.0039  1.0000
  14.000   1.3163   0.03667   0.03228   0.0056  0.0039  1.0000
  14.100   1.3195   0.03733   0.03296   0.0057  0.0038  1.0000
  14.200   1.3161   0.03867   0.03434   0.0058  0.0036  1.0000
  14.300   1.3173   0.03955   0.03528   0.0060  0.0037  1.0000
  14.400   1.3101   0.04138   0.03716   0.0060  0.0036  1.0000
  14.500   1.3070   0.04280   0.03863   0.0060  0.0035  1.0000
  14.600   1.2963   0.04509   0.04102   0.0059  0.0034  1.0000
  14.700   1.2937   0.04655   0.04254   0.0058  0.0034  1.0000
  14.800   1.2952   0.04754   0.04357   0.0056  0.0034  1.0000
  14.900   1.2875   0.04963   0.04573   0.0053  0.0034  1.0000
  15.000   1.2898   0.05056   0.04669   0.0050  0.0034  1.0000
  15.100   1.2793   0.05310   0.04932   0.0045  0.0034  1.0000
  15.200   1.2920   0.05276   0.04898   0.0045  0.0033  1.0000
  15.300   1.2855   0.05487   0.05115   0.0039  0.0033  1.0000
  15.400   1.2830   0.05650   0.05283   0.0034  0.0033  1.0000
  15.500   1.2786   0.05846   0.05485   0.0028  0.0033  1.0000
  15.600   1.2786   0.05981   0.05624   0.0022  0.0033  1.0000
  15.700   1.2673   0.06281   0.05933   0.0012  0.0033  1.0000
  15.800   1.2690   0.06399   0.06055   0.0006  0.0032  1.0000
  15.900   1.2635   0.06630   0.06292  -0.0003  0.0032  1.0000
  16.000   1.2642   0.06767   0.06432  -0.0009  0.0032  1.0000
